0.999953 -0.005512 0.007940 -0.008816
0.005580 0.999948 -0.008583 -0.010032
-0.007892 0.008627 0.999932 0.029255
0.000000 0.000000 0.000000 1.000000

0.999913 -0.008469 0.010106 -0.042937
0.008561 0.999922 -0.009113 -0.009715
-0.010028 0.009199 0.999907 0.029214
0.000000 0.000000 0.000000 1.000000

0.999937 -0.011130 0.001093 -0.048333
0.011139 0.999902 -0.008450 -0.006708
-0.000999 0.008462 0.999964 0.017552
0.000000 0.000000 0.000000 1.000000

0.999918 -0.010408 -0.007438 -0.042623
0.010365 0.999929 -0.005823 0.005645
0.007498 0.005746 0.999955 0.019607
0.000000 0.000000 0.000000 1.000000

0.999941 -0.006395 -0.008724 -0.039317
0.006379 0.999978 -0.001814 0.009391
0.008735 0.001758 0.999960 0.013556
0.000000 0.000000 0.000000 1.000000

0.999971 -0.004798 -0.005887 -0.027620
0.004815 0.999984 0.002842 -0.000800
0.005873 -0.002870 0.999979 0.015394
0.000000 0.000000 0.000000 1.000000

0.999986 -0.005015 -0.001664 -0.041334
0.005026 0.999962 0.007180 -0.006673
0.001628 -0.007188 0.999973 0.025929
0.000000 0.000000 0.000000 1.000000

0.999995 -0.002632 0.001484 -0.039754
0.002619 0.999962 0.008354 -0.020205
-0.001506 -0.008350 0.999964 0.025454
0.000000 0.000000 0.000000 1.000000

0.999988 -0.000750 0.004905 -0.025803
0.000731 0.999992 0.003909 -0.018988
-0.004908 -0.003905 0.999980 0.031520
0.000000 0.000000 0.000000 1.000000

0.999980 0.001780 0.006135 -0.027736
-0.001773 0.999998 -0.001186 0.010770
-0.006137 0.001176 0.999980 0.028633
0.000000 0.000000 0.000000 1.000000

0.999972 0.001821 0.007191 -0.056673
-0.001859 0.999985 0.005208 -0.000441
-0.007181 -0.005222 0.999961 0.019293
0.000000 0.000000 0.000000 1.000000

0.999958 -0.000293 0.009149 -0.100911
0.000188 0.999934 0.011509 -0.012627
-0.009151 -0.011506 0.999892 0.020889
0.000000 0.000000 0.000000 1.000000

0.999991 -0.001955 0.003780 -0.080663
0.001906 0.999916 0.012804 0.004168
-0.003805 -0.012797 0.999911 0.027158
0.000000 0.000000 0.000000 1.000000

0.999988 -0.003283 -0.003697 -0.047168
0.003336 0.999887 0.014666 -0.003704
0.003648 -0.014679 0.999886 0.021283
0.000000 0.000000 0.000000 1.000000

0.999980 -0.003739 -0.005027 -0.067077
0.003808 0.999896 0.013915 -0.005528
0.004974 -0.013934 0.999891 0.018095
0.000000 0.000000 0.000000 1.000000

0.999980 -0.004884 -0.003970 -0.073119
0.004940 0.999887 0.014223 -0.016786
0.003900 -0.014243 0.999891 0.028327
0.000000 0.000000 0.000000 1.000000

0.999968 -0.007647 -0.002428 -0.055390
0.007667 0.999938 0.008134 -0.033321
0.002365 -0.008152 0.999964 0.031154
0.000000 0.000000 0.000000 1.000000

0.999973 -0.006207 0.004049 -0.060513
0.006220 0.999976 -0.003131 -0.016467
-0.004029 0.003157 0.999987 0.019739
0.000000 0.000000 0.000000 1.000000

0.999930 -0.001270 0.011733 -0.072710
0.001330 0.999986 -0.005105 0.008159
-0.011726 0.005121 0.999918 0.026535
0.000000 0.000000 0.000000 1.000000

0.999835 -0.000758 0.018166 -0.104872
0.000791 0.999998 -0.001783 0.013736
-0.018165 0.001797 0.999833 0.034745
0.000000 0.000000 0.000000 1.000000

0.999800 -0.006522 0.018903 -0.121712
0.006541 0.999978 -0.000952 -0.001938
-0.018897 0.001075 0.999821 0.023462
0.000000 0.000000 0.000000 1.000000

0.999880 -0.008973 0.012610 -0.099233
0.008940 0.999956 0.002700 0.001676
-0.012634 -0.002587 0.999917 0.022609
0.000000 0.000000 0.000000 1.000000

0.999906 -0.009557 0.009859 -0.092427
0.009470 0.999916 0.008827 -0.008842
-0.009942 -0.008733 0.999912 0.027978
0.000000 0.000000 0.000000 1.000000

0.999923 -0.010194 0.007096 -0.075872
0.010119 0.999893 0.010569 -0.051747
-0.007203 -0.010496 0.999919 0.040787
0.000000 0.000000 0.000000 1.000000

0.999953 -0.008778 0.004133 -0.071897
0.008760 0.999953 0.004268 -0.050107
-0.004170 -0.004231 0.999982 0.049603
0.000000 0.000000 0.000000 1.000000

0.999951 -0.006518 0.007472 -0.092645
0.006528 0.999978 -0.001282 -0.044664
-0.007464 0.001331 0.999971 0.041243
0.000000 0.000000 0.000000 1.000000

0.999909 -0.004698 0.012634 -0.080557
0.004759 0.999977 -0.004792 -0.050517
-0.012611 0.004851 0.999909 0.038450
0.000000 0.000000 0.000000 1.000000

0.999814 -0.004180 0.018842 -0.094058
0.004365 0.999943 -0.009746 -0.042244
-0.018800 0.009827 0.999775 0.026893
0.000000 0.000000 0.000000 1.000000

0.999873 0.000475 0.015954 -0.089466
-0.000201 0.999853 -0.017148 0.039198
-0.015959 0.017142 0.999726 0.013835
0.000000 0.000000 0.000000 1.000000

0.999946 -0.000059 0.010431 -0.089819
0.000164 0.999949 -0.010088 0.035451
-0.010430 0.010090 0.999895 0.017622
0.000000 0.000000 0.000000 1.000000

0.999948 -0.003520 0.009590 -0.117638
0.003527 0.999994 -0.000708 -0.052255
-0.009588 0.000741 0.999954 0.021113
0.000000 0.000000 0.000000 1.000000

0.999989 0.001642 0.004325 -0.082220
-0.001598 0.999947 -0.010218 -0.045679
-0.004342 0.010211 0.999938 0.023599
0.000000 0.000000 0.000000 1.000000

0.999947 0.008795 0.005309 -0.063773
-0.008691 0.999774 -0.019406 -0.013571
-0.005479 0.019359 0.999798 0.024955
0.000000 0.000000 0.000000 1.000000

0.999921 0.009376 0.008357 -0.074227
-0.009201 0.999743 -0.020725 0.003300
-0.008549 0.020647 0.999750 0.017956
0.000000 0.000000 0.000000 1.000000

0.999969 0.006732 0.004190 -0.067761
-0.006663 0.999844 -0.016329 0.002401
-0.004299 0.016300 0.999858 0.019298
0.000000 0.000000 0.000000 1.000000

0.999999 0.001041 -0.000884 -0.052530
-0.001049 0.999958 -0.009132 0.006659
0.000875 0.009132 0.999958 0.025229
0.000000 0.000000 0.000000 1.000000

0.999975 -0.006323 -0.003091 -0.045129
0.006323 0.999980 0.000030 -0.003121
0.003090 -0.000049 0.999995 0.025130
0.000000 0.000000 0.000000 1.000000

0.999962 -0.007186 -0.004858 -0.056958
0.007205 0.999966 0.003936 -0.014090
0.004830 -0.003971 0.999980 0.030794
0.000000 0.000000 0.000000 1.000000

0.999925 -0.005205 -0.011105 -0.028710
0.005275 0.999967 0.006257 -0.027455
0.011072 -0.006316 0.999919 0.034631
0.000000 0.000000 0.000000 1.000000

0.999913 -0.005423 -0.012010 -0.005811
0.005537 0.999940 0.009460 -0.051226
0.011958 -0.009525 0.999883 0.031471
0.000000 0.000000 0.000000 1.000000

0.999958 -0.003175 -0.008612 -0.028886
0.003213 0.999985 0.004461 -0.049463
0.008597 -0.004488 0.999953 0.037849
0.000000 0.000000 0.000000 1.000000

0.999941 0.001675 -0.010774 -0.029434
-0.001710 0.999993 -0.003257 -0.033867
0.010769 0.003275 0.999937 0.042671
0.000000 0.000000 0.000000 1.000000

0.999921 0.003003 -0.012195 -0.002892
-0.003130 0.999941 -0.010391 0.003034
0.012163 0.010428 0.999872 0.036615
0.000000 0.000000 0.000000 1.000000

0.999949 -0.001392 -0.009977 -0.011586
0.001269 0.999924 -0.012301 0.003948
0.009994 0.012288 0.999875 0.036868
0.000000 0.000000 0.000000 1.000000

0.999921 -0.004190 -0.011835 -0.020358
0.004072 0.999942 -0.009964 -0.014868
0.011876 0.009915 0.999880 0.051554
0.000000 0.000000 0.000000 1.000000

0.999891 -0.000193 -0.014775 -0.007926
0.000121 0.999988 -0.004899 -0.005358
0.014776 0.004896 0.999879 0.053586
0.000000 0.000000 0.000000 1.000000

0.999899 0.001918 -0.014053 -0.004162
-0.001930 0.999998 -0.000847 0.001408
0.014051 0.000874 0.999901 0.055589
0.000000 0.000000 0.000000 1.000000

0.999923 0.000987 -0.012403 0.001220
-0.000994 0.999999 -0.000555 -0.033047
0.012402 0.000567 0.999923 0.080021
0.000000 0.000000 0.000000 1.000000

0.999908 0.006446 -0.011921 -0.001575
-0.006477 0.999976 -0.002560 -0.062701
0.011904 0.002637 0.999926 0.076799
0.000000 0.000000 0.000000 1.000000

0.999817 0.014011 -0.013035 0.007690
-0.014095 0.999880 -0.006364 -0.061759
0.012945 0.006546 0.999895 0.056919
0.000000 0.000000 0.000000 1.000000

0.999894 0.008555 -0.011770 0.024619
-0.008693 0.999894 -0.011696 -0.060292
0.011669 0.011797 0.999862 0.049634
0.000000 0.000000 0.000000 1.000000

0.999978 -0.002444 -0.006236 0.017675
0.002370 0.999928 -0.011775 -0.048931
0.006264 0.011760 0.999911 0.033235
0.000000 0.000000 0.000000 1.000000

0.999986 -0.005233 0.000522 -0.019746
0.005235 0.999975 -0.004833 -0.081448
-0.000497 0.004836 0.999988 0.018931
0.000000 0.000000 0.000000 1.000000

0.999993 -0.003205 -0.001863 -0.017035
0.003187 0.999950 -0.009456 -0.077145
0.001893 0.009450 0.999954 0.034462
0.000000 0.000000 0.000000 1.000000

0.999965 0.000327 -0.008390 0.015310
-0.000451 0.999890 -0.014830 -0.051078
0.008385 0.014833 0.999855 0.055284
0.000000 0.000000 0.000000 1.000000

0.999958 0.004114 -0.008236 -0.000123
-0.004226 0.999899 -0.013548 -0.063410
0.008179 0.013582 0.999874 0.057772
0.000000 0.000000 0.000000 1.000000

0.999906 0.009393 -0.009975 -0.005281
-0.009537 0.999850 -0.014443 -0.076621
0.009838 0.014537 0.999846 0.042047
0.000000 0.000000 0.000000 1.000000

0.999893 0.010186 -0.010520 0.001345
-0.010385 0.999766 -0.018997 -0.057285
0.010324 0.019104 0.999764 0.023965
0.000000 0.000000 0.000000 1.000000

0.999987 0.002762 -0.004201 -0.003240
-0.002850 0.999773 -0.021138 -0.038270
0.004141 0.021149 0.999768 0.024707
0.000000 0.000000 0.000000 1.000000

0.999994 -0.003128 0.001426 -0.026176
0.003154 0.999821 -0.018668 -0.025495
-0.001368 0.018672 0.999825 0.030774
0.000000 0.000000 0.000000 1.000000

0.999988 -0.004865 0.000202 -0.046409
0.004867 0.999917 -0.011959 -0.027132
-0.000144 0.011959 0.999928 0.031176
0.000000 0.000000 0.000000 1.000000

0.999955 -0.005556 -0.007747 -0.032637
0.005504 0.999963 -0.006685 -0.040757
0.007784 0.006642 0.999948 0.031240
0.000000 0.000000 0.000000 1.000000

0.999882 -0.002334 -0.015211 -0.008806
0.002241 0.999979 -0.006095 -0.023052
0.015225 0.006060 0.999866 0.037648
0.000000 0.000000 0.000000 1.000000

0.999878 0.000048 -0.015649 0.013042
-0.000128 0.999987 -0.005106 -0.006462
0.015649 0.005108 0.999865 0.039420
0.000000 0.000000 0.000000 1.000000

0.999961 -0.002353 -0.008538 -0.003024
0.002336 0.999995 -0.002049 -0.007950
0.008543 0.002029 0.999961 0.039180
0.000000 0.000000 0.000000 1.000000

0.999994 -0.002919 -0.001711 -0.034181
0.002925 0.999989 0.003711 -0.028916
0.001700 -0.003716 0.999992 0.029785
0.000000 0.000000 0.000000 1.000000

0.999995 -0.001859 0.002533 -0.053664
0.001854 0.999996 0.002184 -0.016035
-0.002537 -0.002179 0.999994 0.031335
0.000000 0.000000 0.000000 1.000000

0.999995 0.000970 0.002957 -0.048627
-0.000971 0.999999 0.000450 -0.004568
-0.002956 -0.000452 0.999996 0.038251
0.000000 0.000000 0.000000 1.000000

0.999985 0.004963 0.002359 -0.050034
-0.004969 0.999984 0.002751 -0.012861
-0.002346 -0.002762 0.999993 0.040658
0.000000 0.000000 0.000000 1.000000

0.999975 0.005104 0.004933 -0.077967
-0.005128 0.999975 0.004949 -0.017718
-0.004908 -0.004974 0.999976 0.008646
0.000000 0.000000 0.000000 1.000000

0.999984 0.003062 0.004757 -0.065294
-0.003093 0.999974 0.006446 -0.016519
-0.004737 -0.006461 0.999968 -0.003875
0.000000 0.000000 0.000000 1.000000

0.999987 0.000515 0.005149 -0.051048
-0.000544 0.999984 0.005576 -0.006797
-0.005146 -0.005579 0.999971 0.019531
0.000000 0.000000 0.000000 1.000000

0.999970 -0.001061 0.007734 -0.069173
0.001016 0.999983 0.005825 -0.009871
-0.007740 -0.005817 0.999953 0.023205
0.000000 0.000000 0.000000 1.000000

0.999942 -0.003409 0.010193 -0.084073
0.003348 0.999976 0.006007 -0.011289
-0.010213 -0.005973 0.999930 0.026368
0.000000 0.000000 0.000000 1.000000

0.999890 -0.008621 0.012081 -0.095750
0.008572 0.999955 0.004074 0.001111
-0.012115 -0.003970 0.999919 0.023286
0.000000 0.000000 0.000000 1.000000

0.999894 -0.010694 0.009903 -0.098978
0.010644 0.999930 0.005137 0.000780
-0.009958 -0.005031 0.999938 0.017996
0.000000 0.000000 0.000000 1.000000

0.999925 -0.010149 0.006921 -0.082541
0.010102 0.999926 0.006797 -0.000182
-0.006990 -0.006726 0.999953 -0.007421
0.000000 0.000000 0.000000 1.000000

0.999915 -0.010541 0.007713 -0.075743
0.010489 0.999922 0.006850 -0.004693
-0.007785 -0.006768 0.999947 -0.004454
0.000000 0.000000 0.000000 1.000000

0.999844 -0.012842 0.012160 -0.093830
0.012775 0.999903 0.005535 -0.020438
-0.012230 -0.005379 0.999911 0.014632
0.000000 0.000000 0.000000 1.000000

0.999741 -0.014273 0.017747 -0.123872
0.014241 0.999897 0.001935 -0.015567
-0.017773 -0.001682 0.999841 0.005210
0.000000 0.000000 0.000000 1.000000

0.999752 -0.011320 0.019202 -0.136752
0.011294 0.999935 0.001476 -0.017168
-0.019218 -0.001259 0.999815 -0.000387
0.000000 0.000000 0.000000 1.000000

0.999529 -0.015697 0.026381 -0.188532
0.015693 0.999877 0.000367 -0.003047
-0.026384 0.000047 0.999652 0.009227
0.000000 0.000000 0.000000 1.000000

0.999483 -0.017929 0.026697 -0.185808
0.017932 0.999839 0.000113 0.031918
-0.026695 0.000365 0.999644 0.015740
0.000000 0.000000 0.000000 1.000000

0.999722 -0.013979 0.018990 -0.112717
0.013879 0.999889 0.005387 0.011723
-0.019063 -0.005122 0.999805 0.028530
0.000000 0.000000 0.000000 1.000000

0.999692 -0.014286 0.020280 -0.111996
0.014148 0.999876 0.006934 -0.017880
-0.020376 -0.006645 0.999770 0.023158
0.000000 0.000000 0.000000 1.000000

0.999754 -0.013770 0.017389 -0.113625
0.013677 0.999892 0.005441 -0.012034
-0.017462 -0.005202 0.999834 0.001847
0.000000 0.000000 0.000000 1.000000

0.999852 -0.010166 0.013913 -0.127282
0.010083 0.999931 0.006008 -0.027777
-0.013973 -0.005867 0.999885 -0.020816
0.000000 0.000000 0.000000 1.000000

0.999931 -0.008235 0.008436 -0.095769
0.008225 0.999965 0.001260 -0.012394
-0.008446 -0.001191 0.999964 -0.011673
0.000000 0.000000 0.000000 1.000000

0.999965 -0.006494 0.005289 -0.077978
0.006504 0.999977 -0.001824 0.003704
-0.005277 0.001858 0.999984 0.012368
0.000000 0.000000 0.000000 1.000000

0.999968 -0.001861 0.007757 -0.091070
0.001863 0.999998 -0.000248 -0.018471
-0.007756 0.000263 0.999970 0.006239
0.000000 0.000000 0.000000 1.000000

0.999952 0.000484 0.009758 -0.079456
-0.000480 1.000000 -0.000354 -0.016724
-0.009759 0.000349 0.999952 0.010740
0.000000 0.000000 0.000000 1.000000

0.999938 -0.000217 0.011136 -0.082739
0.000227 1.000000 -0.000912 0.001366
-0.011136 0.000914 0.999938 0.020723
0.000000 0.000000 0.000000 1.000000

0.999942 -0.003993 0.010003 -0.084011
0.003985 0.999992 0.000862 0.004314
-0.010006 -0.000822 0.999950 0.027420
0.000000 0.000000 0.000000 1.000000

0.999965 -0.005298 0.006440 -0.082709
0.005277 0.999981 0.003234 -0.004656
-0.006457 -0.003200 0.999974 0.010175
0.000000 0.000000 0.000000 1.000000

0.999991 -0.002458 0.003459 -0.071557
0.002450 0.999994 0.002402 -0.012449
-0.003465 -0.002393 0.999991 -0.003109
0.000000 0.000000 0.000000 1.000000

0.999996 -0.000317 0.002888 -0.046044
0.000314 1.000000 0.000877 -0.009195
-0.002889 -0.000876 0.999995 -0.004331
0.000000 0.000000 0.000000 1.000000

0.999997 -0.000229 0.002295 -0.022619
0.000228 1.000000 0.000383 -0.003321
-0.002295 -0.000383 0.999997 -0.004999
0.000000 0.000000 0.000000 1.000000

0.999995 -0.001433 0.002952 -0.027548
0.001437 0.999998 -0.001368 -0.007890
-0.002950 0.001372 0.999995 -0.001794
0.000000 0.000000 0.000000 1.000000

0.999986 -0.003050 0.004306 -0.043647
0.003079 0.999971 -0.006898 0.007003
-0.004285 0.006911 0.999967 0.006064
0.000000 0.000000 0.000000 1.000000

0.999987 -0.001903 0.004712 -0.053940
0.001944 0.999960 -0.008754 0.017936
-0.004695 0.008763 0.999951 -0.006196
0.000000 0.000000 0.000000 1.000000

0.999996 0.000630 0.002576 -0.037144
-0.000617 0.999987 -0.005097 -0.005365
-0.002580 0.005095 0.999984 -0.032331
0.000000 0.000000 0.000000 1.000000

1.000000 0.000251 -0.000264 -0.059276
-0.000253 0.999978 -0.006632 0.016622
0.000262 0.006632 0.999978 -0.024159
0.000000 0.000000 0.000000 1.000000

0.999989 0.003328 -0.003222 -0.059149
-0.003340 0.999987 -0.003911 0.049321
0.003209 0.003921 0.999987 -0.006521
0.000000 0.000000 0.000000 1.000000

0.999955 0.009391 -0.001601 -0.020147
-0.009380 0.999933 0.006810 0.020813
0.001665 -0.006795 0.999976 -0.014848
0.000000 0.000000 0.000000 1.000000

0.999879 0.014802 0.004807 -0.054175
-0.014844 0.999851 0.008755 0.008756
-0.004677 -0.008825 0.999950 -0.021131
0.000000 0.000000 0.000000 1.000000

0.999907 0.013152 0.003579 -0.046110
-0.013163 0.999909 0.003006 0.016310
-0.003539 -0.003053 0.999989 -0.019402
0.000000 0.000000 0.000000 1.000000

0.999986 0.005128 0.001086 -0.027952
-0.005127 0.999986 -0.000943 0.019326
-0.001091 0.000937 0.999999 -0.027332
0.000000 0.000000 0.000000 1.000000

1.000000 0.000428 -0.000065 -0.035574
-0.000428 1.000000 0.000389 0.029308
0.000065 -0.000389 1.000000 -0.030617
0.000000 0.000000 0.000000 1.000000

0.999996 -0.002571 -0.001378 -0.020304
0.002577 0.999985 0.004765 0.020595
0.001366 -0.004769 0.999988 -0.044223
0.000000 0.000000 0.000000 1.000000

0.999995 -0.003206 0.000042 -0.014817
0.003205 0.999977 0.005970 0.016660
-0.000061 -0.005969 0.999982 -0.042624
0.000000 0.000000 0.000000 1.000000

0.999984 -0.005616 -0.000205 -0.009119
0.005617 0.999978 0.003511 0.018788
0.000186 -0.003512 0.999994 -0.029581
0.000000 0.000000 0.000000 1.000000

0.999940 -0.010911 0.001044 -0.024744
0.010914 0.999938 -0.002420 0.032086
-0.001017 0.002432 0.999997 -0.063042
0.000000 0.000000 0.000000 1.000000

0.999973 -0.006772 0.002813 -0.020123
0.006798 0.999934 -0.009213 0.064114
-0.002751 0.009231 0.999954 -0.077276
0.000000 0.000000 0.000000 1.000000

0.999985 -0.001672 0.005124 -0.009724
0.001725 0.999946 -0.010292 0.065377
-0.005106 0.010300 0.999934 -0.067246
0.000000 0.000000 0.000000 1.000000

0.999967 -0.002656 0.007652 -0.024775
0.002722 0.999959 -0.008621 0.067072
-0.007628 0.008641 0.999934 -0.065204
0.000000 0.000000 0.000000 1.000000

0.999977 -0.002485 0.006288 -0.019518
0.002501 0.999994 -0.002544 0.075558
-0.006282 0.002560 0.999977 -0.051395
0.000000 0.000000 0.000000 1.000000

0.999972 -0.006833 0.003195 -0.000567
0.006818 0.999966 0.004710 0.074888
-0.003227 -0.004688 0.999984 -0.035165
0.000000 0.000000 0.000000 1.000000

0.999934 -0.011463 0.001235 -0.007373
0.011451 0.999891 0.009338 0.076395
-0.001342 -0.009324 0.999956 -0.041758
0.000000 0.000000 0.000000 1.000000

0.999979 -0.006544 -0.000347 -0.006224
0.006549 0.999871 0.014646 0.066099
0.000251 -0.014648 0.999893 -0.052078
0.000000 0.000000 0.000000 1.000000

0.999985 0.000238 0.005488 -0.006057
-0.000360 0.999753 0.022207 0.058921
-0.005482 -0.022208 0.999738 -0.076033
0.000000 0.000000 0.000000 1.000000

0.999951 0.002620 0.009532 -0.013816
-0.002760 0.999888 0.014716 0.043515
-0.009492 -0.014742 0.999846 -0.082658
0.000000 0.000000 0.000000 1.000000

0.999950 0.001459 0.009853 -0.023659
-0.001491 0.999993 0.003309 0.060098
-0.009848 -0.003323 0.999946 -0.090137
0.000000 0.000000 0.000000 1.000000

0.999966 -0.002617 0.007830 -0.048200
0.002581 0.999986 0.004558 0.054253
-0.007842 -0.004537 0.999959 -0.087318
0.000000 0.000000 0.000000 1.000000

0.999996 0.000448 0.002610 -0.035159
-0.000453 0.999998 0.002080 0.030610
-0.002609 -0.002081 0.999994 -0.068206
0.000000 0.000000 0.000000 1.000000

0.999986 0.004206 0.003324 0.002342
-0.004200 0.999990 -0.001740 0.033045
-0.003331 0.001726 0.999993 -0.062780
0.000000 0.000000 0.000000 1.000000

0.999970 0.003166 0.007046 0.001854
-0.003136 0.999986 -0.004174 0.031040
-0.007059 0.004151 0.999966 -0.037873
0.000000 0.000000 0.000000 1.000000

0.999871 -0.006056 0.014854 -0.036341
0.006067 0.999981 -0.000751 0.062162
-0.014850 0.000841 0.999889 -0.056387
0.000000 0.000000 0.000000 1.000000

0.999816 -0.013826 0.013279 -0.043266
0.013766 0.999895 0.004616 0.068140
-0.013341 -0.004432 0.999901 -0.058858
0.000000 0.000000 0.000000 1.000000

0.999892 -0.011771 0.008783 -0.036863
0.011708 0.999905 0.007215 0.049112
-0.008867 -0.007112 0.999935 -0.047005
0.000000 0.000000 0.000000 1.000000

0.999868 -0.011629 0.011344 -0.033250
0.011523 0.999889 0.009403 0.037601
-0.011452 -0.009272 0.999891 -0.053315
0.000000 0.000000 0.000000 1.000000

0.999865 -0.010019 0.013043 -0.026285
0.009906 0.999913 0.008676 0.041524
-0.013129 -0.008545 0.999877 -0.040963
0.000000 0.000000 0.000000 1.000000

0.999859 -0.005579 0.015867 -0.041077
0.005460 0.999957 0.007520 0.054608
-0.015908 -0.007432 0.999846 -0.035860
0.000000 0.000000 0.000000 1.000000

0.999843 -0.004587 0.017096 -0.052481
0.004433 0.999949 0.009058 0.056518
-0.017137 -0.008981 0.999813 -0.044767
0.000000 0.000000 0.000000 1.000000

0.999836 -0.006140 0.017043 -0.051101
0.005923 0.999901 0.012749 0.034517
-0.017120 -0.012646 0.999773 -0.059962
0.000000 0.000000 0.000000 1.000000

0.999417 -0.016337 0.029992 -0.067446
0.015856 0.999743 0.016202 0.058289
-0.030249 -0.015717 0.999419 -0.080681
0.000000 0.000000 0.000000 1.000000

0.999242 -0.020999 0.032766 -0.061170
0.020557 0.999694 0.013759 0.069469
-0.033045 -0.013075 0.999368 -0.057500
0.000000 0.000000 0.000000 1.000000

0.999597 -0.013911 0.024763 -0.060533
0.013694 0.999866 0.008924 0.042731
-0.024884 -0.008581 0.999654 -0.032791
0.000000 0.000000 0.000000 1.000000

0.999545 -0.012720 0.027350 -0.090651
0.012540 0.999898 0.006767 0.054797
-0.027434 -0.006421 0.999603 -0.048508
0.000000 0.000000 0.000000 1.000000

0.999485 -0.016875 0.027299 -0.095536
0.016671 0.999831 0.007685 0.067733
-0.027424 -0.007226 0.999598 -0.050031
0.000000 0.000000 0.000000 1.000000

0.999481 -0.020895 0.024514 -0.078525
0.020619 0.999722 0.011478 0.069133
-0.024747 -0.010967 0.999634 -0.045857
0.000000 0.000000 0.000000 1.000000

0.999478 -0.021381 0.024231 -0.069817
0.021048 0.999681 0.013931 0.060058
-0.024521 -0.013414 0.999609 -0.049626
0.000000 0.000000 0.000000 1.000000

0.999443 -0.019841 0.026843 -0.072570
0.019498 0.999726 0.012974 0.060482
-0.027093 -0.012443 0.999555 -0.042807
0.000000 0.000000 0.000000 1.000000

0.999491 -0.016179 0.027505 -0.072016
0.015867 0.999808 0.011524 0.064117
-0.027687 -0.011081 0.999555 -0.040887
0.000000 0.000000 0.000000 1.000000

0.999488 -0.016429 0.027473 -0.093206
0.016143 0.999813 0.010611 0.060823
-0.027643 -0.010162 0.999566 -0.031683
0.000000 0.000000 0.000000 1.000000

0.999527 -0.019700 0.023601 -0.113987
0.019485 0.999767 0.009289 0.064596
-0.023779 -0.008825 0.999678 -0.019977
0.000000 0.000000 0.000000 1.000000

0.999665 -0.020491 0.015791 -0.103746
0.020338 0.999745 0.009784 0.070833
-0.015988 -0.009459 0.999827 -0.021771
0.000000 0.000000 0.000000 1.000000

0.999768 -0.019459 0.009242 -0.077484
0.019337 0.999728 0.013039 0.060279
-0.009493 -0.012857 0.999872 -0.025117
0.000000 0.000000 0.000000 1.000000

0.999809 -0.017083 0.009484 -0.053415
0.016944 0.999750 0.014583 0.039790
-0.009730 -0.014420 0.999849 -0.023491
0.000000 0.000000 0.000000 1.000000

0.999726 -0.014410 0.018446 -0.058287
0.014193 0.999829 0.011845 0.034956
-0.018613 -0.011580 0.999760 -0.017755
0.000000 0.000000 0.000000 1.000000

0.999629 -0.010893 0.024944 -0.070028
0.010670 0.999902 0.009048 0.031427
-0.025040 -0.008778 0.999648 -0.003332
0.000000 0.000000 0.000000 1.000000

0.999689 -0.008470 0.023445 -0.080801
0.008317 0.999943 0.006628 0.028814
-0.023500 -0.006431 0.999703 0.005489
0.000000 0.000000 0.000000 1.000000

0.999888 -0.004809 0.014188 -0.085050
0.004741 0.999977 0.004785 0.027287
-0.014211 -0.004717 0.999888 -0.007443
0.000000 0.000000 0.000000 1.000000

0.999989 0.000314 0.004582 -0.059363
-0.000348 0.999973 0.007378 0.018499
-0.004580 -0.007379 0.999962 -0.015422
0.000000 0.000000 0.000000 1.000000

0.999989 0.001194 0.004620 -0.051294
-0.001235 0.999960 0.008856 0.011053
-0.004609 -0.008862 0.999950 -0.019242
0.000000 0.000000 0.000000 1.000000

0.999969 -0.000523 0.007897 -0.062728
0.000490 0.999991 0.004162 0.008242
-0.007899 -0.004158 0.999960 -0.013128
0.000000 0.000000 0.000000 1.000000

0.999972 0.000560 0.007424 -0.065315
-0.000574 0.999998 0.001804 0.012677
-0.007423 -0.001808 0.999971 -0.007274
0.000000 0.000000 0.000000 1.000000

0.999983 0.003548 0.004639 -0.071838
-0.003553 0.999993 0.001140 0.006686
-0.004635 -0.001156 0.999989 -0.005834
0.000000 0.000000 0.000000 1.000000

0.999990 0.004395 -0.000284 -0.071035
-0.004396 0.999988 -0.002008 0.030986
0.000275 0.002009 0.999998 -0.002816
0.000000 0.000000 0.000000 1.000000

0.999946 0.008715 -0.005696 -0.050158
-0.008694 0.999956 0.003656 0.041793
0.005728 -0.003607 0.999977 0.000291
0.000000 0.000000 0.000000 1.000000

0.999847 0.016630 -0.005398 -0.032227
-0.016568 0.999798 0.011339 -0.001055
0.005585 -0.011248 0.999921 0.019890
0.000000 0.000000 0.000000 1.000000

0.999889 0.014857 0.001134 -0.035646
-0.014862 0.999879 0.004569 0.005148
-0.001066 -0.004585 0.999989 0.025969
0.000000 0.000000 0.000000 1.000000

0.999941 0.009269 0.005730 -0.021261
-0.009268 0.999957 -0.000102 0.056632
-0.005731 0.000049 0.999984 0.034465
0.000000 0.000000 0.000000 1.000000

0.999927 0.008684 0.008346 -0.036238
-0.008747 0.999933 0.007552 0.041086
-0.008280 -0.007625 0.999937 0.060892
0.000000 0.000000 0.000000 1.000000

0.999971 0.003929 0.006582 -0.065994
-0.003997 0.999937 0.010459 -0.000641
-0.006540 -0.010485 0.999924 0.071313
0.000000 0.000000 0.000000 1.000000

0.999996 0.002420 0.001569 -0.060527
-0.002430 0.999977 0.006310 -0.014570
-0.001554 -0.006314 0.999979 0.050783
0.000000 0.000000 0.000000 1.000000

0.999956 0.009403 -0.000155 -0.051489
-0.009402 0.999950 0.003372 -0.018420
0.000187 -0.003370 0.999994 0.045262
0.000000 0.000000 0.000000 1.000000

0.999920 0.012606 -0.000665 -0.025631
-0.012606 0.999921 -0.000125 -0.014062
0.000664 0.000133 1.000000 0.062469
0.000000 0.000000 0.000000 1.000000

0.999992 0.002758 0.002811 -0.040715
-0.002750 0.999992 -0.003045 -0.019429
-0.002820 0.003037 0.999991 0.049087
0.000000 0.000000 0.000000 1.000000

0.999956 -0.008978 0.002781 -0.055089
0.008983 0.999958 -0.002054 -0.027676
-0.002763 0.002079 0.999994 0.053012
0.000000 0.000000 0.000000 1.000000

0.999956 -0.009157 -0.002050 -0.023128
0.009155 0.999958 -0.000941 -0.042207
0.002058 0.000922 0.999997 0.082053
0.000000 0.000000 0.000000 1.000000

0.999951 -0.009692 -0.001972 -0.009517
0.009685 0.999948 -0.003230 -0.051586
0.002003 0.003211 0.999993 0.077798
0.000000 0.000000 0.000000 1.000000

0.999927 -0.011977 0.001332 -0.000893
0.011986 0.999908 -0.006298 -0.033379
-0.001257 0.006313 0.999979 0.066432
0.000000 0.000000 0.000000 1.000000

0.999916 -0.011063 0.006762 -0.010748
0.011112 0.999913 -0.007160 -0.024344
-0.006682 0.007234 0.999952 0.081226
0.000000 0.000000 0.000000 1.000000

0.999922 -0.009176 0.008453 -0.040277
0.009235 0.999933 -0.006991 -0.024953
-0.008389 0.007069 0.999940 0.086992
0.000000 0.000000 0.000000 1.000000

0.999983 -0.004297 0.003955 -0.028127
0.004317 0.999978 -0.005084 -0.036478
-0.003933 0.005101 0.999979 0.080216
0.000000 0.000000 0.000000 1.000000

0.999996 0.001306 0.002353 -0.023986
-0.001301 0.999997 -0.002219 -0.041644
-0.002356 0.002216 0.999995 0.066785
0.000000 0.000000 0.000000 1.000000

0.999996 0.000607 0.002893 -0.031955
-0.000606 1.000000 -0.000355 -0.044943
-0.002893 0.000353 0.999996 0.066302
0.000000 0.000000 0.000000 1.000000

0.999996 -0.002817 -0.000068 -0.008368
0.002816 0.999971 -0.007065 -0.012434
0.000088 0.007065 0.999975 0.087506
0.000000 0.000000 0.000000 1.000000

0.999995 0.001958 -0.002353 -0.023320
-0.001979 0.999957 -0.009109 -0.008317
0.002335 0.009113 0.999956 0.080288
0.000000 0.000000 0.000000 1.000000

0.999972 0.007239 -0.002109 -0.044106
-0.007249 0.999962 -0.004798 -0.054405
0.002074 0.004813 0.999986 0.056988
0.000000 0.000000 0.000000 1.000000

0.999986 0.005295 -0.000330 -0.022016
-0.005297 0.999964 -0.006596 -0.048741
0.000295 0.006597 0.999978 0.041371
0.000000 0.000000 0.000000 1.000000

0.999983 0.005056 0.003017 -0.014454
-0.005027 0.999944 -0.009299 -0.023850
-0.003063 0.009284 0.999952 0.041646
0.000000 0.000000 0.000000 1.000000

0.999975 0.005765 0.004105 -0.029515
-0.005734 0.999956 -0.007420 -0.011652
-0.004147 0.007396 0.999964 0.037221
0.000000 0.000000 0.000000 1.000000

0.999992 0.002728 0.002763 -0.029958
-0.002728 0.999996 0.000109 -0.043015
-0.002763 -0.000117 0.999996 0.037926
0.000000 0.000000 0.000000 1.000000

0.999993 0.001546 0.003350 -0.033706
-0.001546 0.999999 0.000242 -0.037971
-0.003349 -0.000247 0.999994 0.055271
0.000000 0.000000 0.000000 1.000000

0.999992 0.002340 0.003395 -0.054867
-0.002331 0.999993 -0.002888 -0.006871
-0.003401 0.002880 0.999990 0.048920
0.000000 0.000000 0.000000 1.000000

0.999997 0.002298 0.000023 -0.055725
-0.002298 0.999996 -0.001377 0.000826
-0.000026 0.001377 0.999999 0.047564
0.000000 0.000000 0.000000 1.000000

0.999969 -0.006299 -0.004762 -0.053084
0.006306 0.999979 0.001403 0.009407
0.004753 -0.001433 0.999988 0.045911
0.000000 0.000000 0.000000 1.000000

0.999896 -0.012169 -0.007715 -0.032659
0.012246 0.999875 0.010047 -0.034159
0.007592 -0.010141 0.999920 0.031485
0.000000 0.000000 0.000000 1.000000

0.999996 -0.002429 0.001605 -0.017584
0.002411 0.999932 0.011408 -0.076607
-0.001633 -0.011404 0.999934 0.042446
0.000000 0.000000 0.000000 1.000000

0.999896 0.000481 0.014421 -0.045794
-0.000463 0.999999 -0.001250 -0.044227
-0.014421 0.001243 0.999895 0.042601
0.000000 0.000000 0.000000 1.000000

0.999879 -0.002123 0.015441 -0.059870
0.002218 0.999978 -0.006187 -0.013300
-0.015427 0.006221 0.999862 0.025427
0.000000 0.000000 0.000000 1.000000

0.999947 -0.000508 0.010235 -0.052275
0.000542 0.999994 -0.003352 -0.016498
-0.010233 0.003357 0.999942 0.031067
0.000000 0.000000 0.000000 1.000000

0.999969 -0.002650 0.007441 -0.072264
0.002665 0.999994 -0.002019 -0.021148
-0.007436 0.002039 0.999970 0.039461
0.000000 0.000000 0.000000 1.000000

0.999975 -0.003517 0.006141 -0.086500
0.003530 0.999991 -0.002261 0.000053
-0.006133 0.002283 0.999979 0.048058
0.000000 0.000000 0.000000 1.000000

0.999988 -0.001806 0.004511 -0.060226
0.001811 0.999998 -0.000975 0.005850
-0.004510 0.000983 0.999989 0.031881
0.000000 0.000000 0.000000 1.000000

0.999975 -0.004356 0.005534 -0.045075
0.004364 0.999989 -0.001433 -0.016074
-0.005527 0.001457 0.999984 0.020954
0.000000 0.000000 0.000000 1.000000

0.999924 -0.008309 0.009143 -0.060373
0.008326 0.999964 -0.001765 -0.024452
-0.009128 0.001841 0.999957 0.023216
0.000000 0.000000 0.000000 1.000000

0.999906 -0.008273 0.010923 -0.060159
0.008274 0.999966 -0.000030 -0.037332
-0.010923 0.000120 0.999940 0.016550
0.000000 0.000000 0.000000 1.000000

0.999870 -0.010799 0.011941 -0.061637
0.010823 0.999940 -0.001947 -0.032324
-0.011919 0.002076 0.999927 0.020506
0.000000 0.000000 0.000000 1.000000

0.999855 -0.014565 0.008792 -0.035355
0.014607 0.999882 -0.004738 -0.001563
-0.008722 0.004866 0.999950 0.044472
0.000000 0.000000 0.000000 1.000000

0.999784 -0.016592 0.012514 -0.064033
0.016629 0.999858 -0.002899 -0.027814
-0.012464 0.003107 0.999917 0.057295
0.000000 0.000000 0.000000 1.000000

0.999745 -0.014415 0.017411 -0.102756
0.014487 0.999887 -0.004018 -0.040062
-0.017351 0.004269 0.999840 0.031309
0.000000 0.000000 0.000000 1.000000

0.999839 -0.012233 0.013128 -0.076678
0.012311 0.999907 -0.005881 -0.011920
-0.013054 0.006041 0.999897 0.034009
0.000000 0.000000 0.000000 1.000000

0.999896 -0.011937 0.008099 -0.071567
0.011956 0.999926 -0.002278 -0.023037
-0.008071 0.002374 0.999965 0.037788
0.000000 0.000000 0.000000 1.000000

0.999951 -0.008789 0.004659 -0.072599
0.008796 0.999960 -0.001452 -0.031043
-0.004647 0.001493 0.999988 0.039835
0.000000 0.000000 0.000000 1.000000

0.999967 -0.006524 0.004851 -0.073636
0.006530 0.999978 -0.001085 -0.043193
-0.004844 0.001117 0.999988 0.029007
0.000000 0.000000 0.000000 1.000000

0.999951 -0.006432 0.007556 -0.072247
0.006444 0.999978 -0.001573 -0.051451
-0.007546 0.001621 0.999970 0.021519
0.000000 0.000000 0.000000 1.000000

0.999898 -0.007679 0.012069 -0.090219
0.007736 0.999959 -0.004735 -0.042925
-0.012032 0.004828 0.999916 0.033857
0.000000 0.000000 0.000000 1.000000

0.999938 -0.007197 0.008514 -0.071014
0.007219 0.999971 -0.002564 -0.068047
-0.008495 0.002625 0.999960 0.007007
0.000000 0.000000 0.000000 1.000000

0.999969 -0.006425 0.004481 -0.055792
0.006440 0.999974 -0.003271 -0.052779
-0.004460 0.003300 0.999985 0.001604
0.000000 0.000000 0.000000 1.000000

0.999952 -0.007393 0.006368 -0.082664
0.007435 0.999950 -0.006629 -0.033862
-0.006318 0.006676 0.999958 0.018427
0.000000 0.000000 0.000000 1.000000

0.999962 -0.007204 0.004843 -0.089432
0.007247 0.999934 -0.008914 -0.041394
-0.004778 0.008948 0.999949 0.025251
0.000000 0.000000 0.000000 1.000000

0.999971 -0.006529 0.003855 -0.114240
0.006595 0.999829 -0.017266 -0.055905
-0.003742 0.017291 0.999844 0.012247
0.000000 0.000000 0.000000 1.000000

0.999969 -0.004692 0.006274 -0.109494
0.004806 0.999823 -0.018196 -0.045343
-0.006187 0.018226 0.999815 -0.002063
0.000000 0.000000 0.000000 1.000000

0.999948 -0.004453 0.009220 -0.122878
0.004594 0.999872 -0.015354 -0.035162
-0.009151 0.015395 0.999840 0.007436
0.000000 0.000000 0.000000 1.000000

0.999967 -0.005161 0.006205 -0.131002
0.005240 0.999906 -0.012681 -0.043120
-0.006139 0.012713 0.999900 0.006286
0.000000 0.000000 0.000000 1.000000

0.999996 -0.000871 0.002800 -0.085974
0.000889 0.999980 -0.006296 -0.036163
-0.002794 0.006298 0.999976 -0.007820
0.000000 0.000000 0.000000 1.000000

0.999982 0.001876 0.005645 -0.072279
-0.001841 0.999979 -0.006235 -0.046752
-0.005656 0.006224 0.999965 -0.004918
0.000000 0.000000 0.000000 1.000000

0.999973 0.002303 0.006941 -0.073772
-0.002233 0.999947 -0.010041 -0.030769
-0.006964 0.010025 0.999925 0.001912
0.000000 0.000000 0.000000 1.000000

0.999972 0.002998 0.006866 -0.092597
-0.002926 0.999940 -0.010532 -0.030942
-0.006897 0.010512 0.999921 0.003921
0.000000 0.000000 0.000000 1.000000

0.999990 0.002246 0.003831 -0.082119
-0.002206 0.999944 -0.010385 -0.032275
-0.003854 0.010377 0.999939 0.004906
0.000000 0.000000 0.000000 1.000000

0.999996 -0.002738 0.000863 -0.093128
0.002748 0.999918 -0.012539 -0.050393
-0.000829 0.012542 0.999921 0.001130
0.000000 0.000000 0.000000 1.000000

0.999985 -0.005364 -0.000765 -0.079870
0.005355 0.999920 -0.011465 -0.055173
0.000827 0.011460 0.999934 -0.010516
0.000000 0.000000 0.000000 1.000000

0.999980 -0.006158 0.001345 -0.073289
0.006180 0.999828 -0.017468 -0.043660
-0.001237 0.017476 0.999847 -0.025436
0.000000 0.000000 0.000000 1.000000

0.999976 -0.006524 0.002337 -0.083540
0.006568 0.999792 -0.019315 -0.045685
-0.002210 0.019329 0.999811 -0.011871
0.000000 0.000000 0.000000 1.000000

0.999954 -0.006987 -0.006556 -0.086497
0.006859 0.999789 -0.019386 -0.052016
0.006690 0.019340 0.999791 -0.022516
0.000000 0.000000 0.000000 1.000000

0.999916 -0.008941 -0.009416 -0.084379
0.008754 0.999766 -0.019806 -0.048211
0.009591 0.019722 0.999759 -0.030140
0.000000 0.000000 0.000000 1.000000

0.999957 -0.003516 -0.008599 -0.073211
0.003363 0.999837 -0.017728 -0.047772
0.008660 0.017698 0.999806 -0.045679
0.000000 0.000000 0.000000 1.000000

0.999977 0.001525 -0.006668 -0.073079
-0.001635 0.999863 -0.016472 -0.055950
0.006642 0.016482 0.999842 -0.059855
0.000000 0.000000 0.000000 1.000000

0.999997 0.000257 -0.002489 -0.052071
-0.000290 0.999911 -0.013352 -0.031788
0.002485 0.013353 0.999908 -0.028484
0.000000 0.000000 0.000000 1.000000

0.999993 0.001779 -0.003337 -0.056496
-0.001828 0.999891 -0.014675 -0.020332
0.003311 0.014681 0.999887 -0.031528
0.000000 0.000000 0.000000 1.000000

0.999969 0.006353 -0.004712 -0.059933
-0.006428 0.999850 -0.016068 -0.020606
0.004609 0.016098 0.999860 -0.046988
0.000000 0.000000 0.000000 1.000000

0.999904 0.012464 -0.006060 -0.100143
-0.012635 0.999502 -0.028920 -0.041989
0.005697 0.028994 0.999563 -0.083732
0.000000 0.000000 0.000000 1.000000

0.999927 0.010277 -0.006410 -0.095069
-0.010455 0.999541 -0.028450 -0.052486
0.006114 0.028514 0.999575 -0.107609
0.000000 0.000000 0.000000 1.000000

0.999983 0.000454 -0.005851 -0.081952
-0.000600 0.999689 -0.024950 -0.027610
0.005838 0.024953 0.999672 -0.127481
0.000000 0.000000 0.000000 1.000000

0.999992 -0.000566 -0.004009 -0.057171
0.000471 0.999720 -0.023674 0.007552
0.004021 0.023672 0.999712 -0.122089
0.000000 0.000000 0.000000 1.000000

0.999999 -0.000186 0.001191 -0.028578
0.000201 0.999924 -0.012327 0.015769
-0.001188 0.012327 0.999923 -0.080360
0.000000 0.000000 0.000000 1.000000

0.999998 -0.001118 0.001468 -0.038562
0.001131 0.999956 -0.009289 0.010830
-0.001458 0.009291 0.999956 -0.089128
0.000000 0.000000 0.000000 1.000000

0.999997 -0.002349 -0.000204 -0.044116
0.002348 0.999980 -0.005919 0.027317
0.000218 0.005918 0.999982 -0.094270
0.000000 0.000000 0.000000 1.000000

0.999965 -0.007584 -0.003535 -0.108627
0.007566 0.999958 -0.005183 0.040076
0.003574 0.005156 0.999980 -0.092877
0.000000 0.000000 0.000000 1.000000

0.999945 -0.004536 -0.009473 -0.079129
0.004482 0.999974 -0.005699 0.042628
0.009499 0.005656 0.999939 -0.076762
0.000000 0.000000 0.000000 1.000000

0.999981 0.000739 -0.006059 -0.022933
-0.000764 0.999991 -0.004114 0.021462
0.006056 0.004119 0.999973 -0.058297
0.000000 0.000000 0.000000 1.000000

0.999989 -0.004493 0.000914 -0.053932
0.004498 0.999974 -0.005615 0.021463
-0.000889 0.005619 0.999984 -0.061968
0.000000 0.000000 0.000000 1.000000

0.999941 -0.010785 0.001444 -0.061988
0.010790 0.999936 -0.003348 0.048284
-0.001408 0.003363 0.999993 -0.054725
0.000000 0.000000 0.000000 1.000000

0.999904 -0.013863 0.000202 -0.059287
0.013862 0.999902 0.002122 0.059966
-0.000232 -0.002119 0.999998 -0.031608
0.000000 0.000000 0.000000 1.000000

0.999929 -0.011732 -0.001929 -0.064380
0.011742 0.999917 0.005292 0.054539
0.001867 -0.005314 0.999984 -0.023415
0.000000 0.000000 0.000000 1.000000

0.999992 -0.000184 -0.004054 -0.066599
0.000218 0.999966 0.008238 0.035595
0.004052 -0.008238 0.999958 -0.027422
0.000000 0.000000 0.000000 1.000000

0.999950 0.009830 -0.001582 -0.050607
-0.009816 0.999912 0.008921 0.007118
0.001670 -0.008905 0.999959 -0.028547
0.000000 0.000000 0.000000 1.000000

0.999956 0.008752 0.003295 -0.033564
-0.008765 0.999954 0.003813 0.011749
-0.003261 -0.003841 0.999987 -0.038063
0.000000 0.000000 0.000000 1.000000

0.999967 0.003127 0.007527 -0.048725
-0.003130 0.999995 0.000421 0.038393
-0.007526 -0.000444 0.999972 -0.034826
0.000000 0.000000 0.000000 1.000000

0.999968 -0.001993 0.007745 -0.073970
0.001976 0.999996 0.002247 0.041210
-0.007750 -0.002232 0.999967 -0.022130
0.000000 0.000000 0.000000 1.000000

0.999991 -0.001833 0.003737 -0.074389
0.001819 0.999991 0.003790 0.035036
-0.003744 -0.003783 0.999986 -0.023713
0.000000 0.000000 0.000000 1.000000

0.999976 0.006210 0.002904 -0.082420
-0.006234 0.999948 0.008087 0.017003
-0.002853 -0.008105 0.999963 -0.056309
0.000000 0.000000 0.000000 1.000000

0.999956 0.006829 0.006492 -0.082071
-0.006862 0.999963 0.005125 0.006392
-0.006457 -0.005169 0.999966 -0.057131
0.000000 0.000000 0.000000 1.000000

0.999947 0.001541 0.010219 -0.101175
-0.001505 0.999993 -0.003477 0.024725
-0.010224 0.003461 0.999942 -0.048924
0.000000 0.000000 0.000000 1.000000

0.999975 -0.001075 0.007007 -0.076372
0.001086 0.999998 -0.001551 0.019994
-0.007006 0.001558 0.999974 -0.057749
0.000000 0.000000 0.000000 1.000000

0.999991 -0.001846 0.003740 -0.021051
0.001834 0.999993 0.003243 0.001047
-0.003746 -0.003236 0.999988 -0.041400
0.000000 0.000000 0.000000 1.000000

0.999944 -0.002631 0.010271 -0.046601
0.002590 0.999989 0.003983 0.010489
-0.010282 -0.003956 0.999939 -0.029753
0.000000 0.000000 0.000000 1.000000

0.999850 -0.008105 0.015277 -0.064287
0.008053 0.999961 0.003487 0.024450
-0.015304 -0.003363 0.999877 -0.020162
0.000000 0.000000 0.000000 1.000000

0.999837 -0.009435 0.015375 -0.071114
0.009347 0.999940 0.005790 0.030435
-0.015428 -0.005645 0.999865 -0.019538
0.000000 0.000000 0.000000 1.000000

0.999847 -0.008160 0.015446 -0.066628
0.008003 0.999916 0.010188 0.027079
-0.015527 -0.010063 0.999829 -0.022013
0.000000 0.000000 0.000000 1.000000

0.999742 -0.013062 0.018606 -0.055540
0.012875 0.999866 0.010135 0.029930
-0.018736 -0.009893 0.999776 -0.015384
0.000000 0.000000 0.000000 1.000000

0.998940 -0.034132 0.030875 -0.118672
0.033768 0.999355 0.012218 0.061310
-0.031272 -0.011162 0.999449 -0.000275
0.000000 0.000000 0.000000 1.000000

0.998837 -0.039386 0.027792 -0.132696
0.038965 0.999120 0.015524 0.048997
-0.028379 -0.014423 0.999493 0.005137
0.000000 0.000000 0.000000 1.000000

0.999488 -0.027856 0.015764 -0.079558
0.027631 0.999516 0.014319 0.011033
-0.016155 -0.013876 0.999773 -0.001014
0.000000 0.000000 0.000000 1.000000

0.999494 -0.026387 0.017744 -0.085073
0.026189 0.999593 0.011321 0.018389
-0.018036 -0.010850 0.999778 0.009612
