# name: debug
# type: sparse matrix
# nnz: 150264
# rows: 8352
# columns: 8352

1 1 45813184.5
2 1 1.97579583e-15
3 1 -1.28369537e-15
4 1 2.58907676e-07
5 1 -7.64351514e+09
6 1 -1.46800763e+09
7 1 -99.9979659
8 1 -0.0901583889
9 1 -0.631414783
10 1 0
11 1 0
12 1 0
1 2 1.97579583e-15
2 2 45813184.5
3 2 1.12410081e-15
4 2 7.64351514e+09
5 2 -2.41911039e-07
6 2 131012799
7 2 0.0869057873
8 2 -99.998635
9 2 0.515214223
10 2 0
11 2 0
12 2 0
1 3 -1.28369537e-15
2 3 1.12410081e-15
3 3 45813184.5
4 3 1.46800763e+09
5 3 -131012799
6 3 -1.86264515e-08
7 3 0.631870673
8 3 -0.514655007
9 3 -99.9966793
10 3 0
11 3 0
12 3 0
1 4 2.58907676e-07
2 4 7.64351514e+09
3 4 1.46800763e+09
4 4 6.05783701e+17
5 4 -1.92327789e+15
6 4 1.00139831e+16
7 4 15918566.7
8 4 -7.65096598e+09
9 4 -1.4285784e+09
10 4 -99.9979543
11 4 -0.0901627499
12 4 -0.631477897
1 5 -7.64351514e+09
2 5 -2.41911039e-07
3 5 -131012799
4 5 -1.92327789e+15
5 5 5.84404881e+17
6 5 1.12207385e+17
7 5 7.64253183e+09
8 5 7565534.04
9 5 179270733
10 5 0.0869015958
11 5 -99.9986334
12 5 0.515237059
1 6 -1.46800763e+09
2 6 131012799
3 6 -1.86264515e-08
4 6 1.00139831e+16
5 6 1.12207385e+17
6 6 2.17221076e+16
7 6 1.46809163e+09
8 6 -129687479
9 6 9944213.76
10 6 0.631805189
11 6 -0.514630355
12 6 -99.9963225
1 7 -99.9979659
2 7 0.0869057873
3 7 0.631870673
4 7 15918566.7
5 7 7.64253183e+09
6 7 1.46809163e+09
7 7 45813184.5
8 7 4.70887299e-15
9 7 3.81986109e-15
10 7 1.53668225e-07
11 7 -7.65030347e+09
12 7 -1.42882513e+09
13 7 -99.9991801
14 7 0.200481041
15 7 -0.351839786
16 7 0
17 7 0
18 7 0
1 8 -0.0901583889
2 8 -99.998635
3 8 -0.514655007
4 8 -7.65096598e+09
5 8 7565534.04
6 8 -129687479
7 8 4.70887299e-15
8 8 45813184.5
9 8 3.91353616e-15
10 8 7.65030347e+09
11 8 -1.20839104e-07
12 8 178038599
13 8 -0.202413971
14 8 -99.9982833
15 8 0.549884269
16 8 0
17 8 0
18 8 0
1 9 -0.631414783
2 9 0.515214223
3 9 -99.9966793
4 9 -1.4285784e+09
5 9 179270733
6 9 9944213.76
7 9 3.81986109e-15
8 9 3.91353616e-15
9 9 45813184.5
10 9 1.42882513e+09
11 9 -178038599
12 9 -3.25962901e-08
13 9 0.350731332
14 9 -0.550591933
15 9 -99.9978692
16 9 0
17 9 0
18 9 0
1 10 0
2 10 0
3 10 0
4 10 -99.9979543
5 10 0.0869015958
6 10 0.631805189
7 10 1.53668225e-07
8 10 7.65030347e+09
9 10 1.42882513e+09
10 10 6.05686844e+17
11 10 -2.54386024e+15
12 10 1.36204931e+16
13 10 -10473945.6
14 10 -7.65803913e+09
15 10 -1.38672687e+09
16 10 -99.9991687
17 10 0.200476921
18 10 -0.351902487
1 11 0
2 11 0
3 11 0
4 11 -0.0901627499
5 11 -99.9986334
6 11 -0.514630355
7 11 -7.65030347e+09
8 11 -1.20839104e-07
9 11 -178038599
10 11 -2.54386024e+15
11 11 5.85588409e+17
12 11 1.09309458e+17
13 11 7.64961631e+09
14 11 -14357141.9
15 11 204951617
16 11 -0.202417795
17 11 -99.9982819
18 11 0.549905423
1 12 0
2 12 0
3 12 0
4 12 -0.631477897
5 12 0.515237059
6 12 -99.9963225
7 12 -1.42882513e+09
8 12 178038599
9 12 -3.25962901e-08
10 12 1.36204931e+16
11 12 1.09309458e+17
12 12 2.07323899e+16
13 12 1.42845304e+09
14 12 -180900066
15 12 6006181.52
16 12 0.350667372
17 12 -0.550568683
18 12 -99.9975153
7 13 -99.9991801
8 13 -0.202413971
9 13 0.350731332
10 13 -10473945.6
11 13 7.64961631e+09
12 13 1.42845304e+09
13 13 45813184.5
14 13 2.0076917e-15
15 13 1.75554016e-15
16 13 2.42143869e-08
17 13 -7.65783036e+09
18 13 -1.38640489e+09
19 13 -99.9994796
20 13 0.163968092
21 13 0.277838221
22 13 0
23 13 0
24 13 0
7 14 0.200481041
8 14 -99.9982833
9 14 -0.550591933
10 14 -7.65803913e+09
11 14 -14357141.9
12 14 -180900066
13 14 2.0076917e-15
14 14 45813184.5
15 14 2.31759056e-15
16 14 7.65783036e+09
17 14 -4.15602699e-08
18 14 207773759
19 14 -0.162746818
20 14 -99.998903
21 14 0.439220379
22 14 0
23 14 0
24 14 0
7 15 -0.351839786
8 15 0.549884269
9 15 -99.9978692
10 15 -1.38672687e+09
11 15 204951617
12 15 6006181.52
13 15 1.75554016e-15
14 15 2.31759056e-15
15 15 45813184.5
16 15 1.38640489e+09
17 15 -207773759
18 15 1.35041773e-08
19 15 -0.278555355
20 15 -0.438765921
21 15 -99.9986494
22 15 0
23 15 0
24 15 0
7 16 0
8 16 0
9 16 0
10 16 -99.9991687
11 16 -0.202417795
12 16 0.350667372
13 16 2.42143869e-08
14 16 7.65783036e+09
15 16 1.38640489e+09
16 16 6.05644843e+17
17 16 -2.88058555e+15
18 16 1.5910962e+16
19 16 -16324780.3
20 16 -7.66382942e+09
21 16 -1.35275141e+09
22 16 -99.9994682
23 16 0.163963874
24 16 0.277774899
7 17 0
8 17 0
9 17 0
10 17 0.200476921
11 17 -99.9982819
12 17 -0.550568683
13 17 -7.65783036e+09
14 17 -4.15602699e-08
15 17 -207773759
16 17 -2.88058555e+15
17 17 5.86855357e+17
18 17 1.06168534e+17
19 17 7.65836927e+09
20 17 -11644757.9
21 17 186494574
22 17 -0.162750678
23 17 -99.9989016
24 17 0.439241791
7 18 0
8 18 0
9 18 0
10 18 -0.351902487
11 18 0.549905423
12 18 -99.9975153
13 18 -1.38640489e+09
14 18 207773759
15 18 1.35041773e-08
16 18 1.5910962e+16
17 18 1.06168534e+17
18 18 1.96528845e+16
19 18 1.38605953e+09
20 18 -210044742
21 18 -2939377.98
22 18 -0.278617665
23 18 -0.438742894
24 18 -99.9983038
13 19 -99.9994796
14 19 -0.162746818
15 19 -0.278555355
16 19 -16324780.3
17 19 7.65836927e+09
18 19 1.38605953e+09
19 19 45813184.5
20 19 -6.60953361e-16
21 19 -1.52655666e-16
22 19 -7.17118382e-08
23 19 -7.66500669e+09
24 19 -1.35255724e+09
25 19 -99.9983636
26 19 0.0948516465
27 19 0.564155049
28 19 0
29 19 0
30 19 0
13 20 0.163968092
14 20 -99.998903
15 20 -0.438765921
16 20 -7.66382942e+09
17 20 -11644757.9
18 20 -210044742
19 20 -6.60953361e-16
20 20 45813184.5
21 20 -2.1649349e-15
22 20 7.66500669e+09
23 20 8.7544322e-08
24 20 188712807
25 20 -0.093264293
26 20 -99.9995601
27 20 0.281564865
28 20 0
29 20 0
30 20 0
13 21 0.277838221
14 21 0.439220379
15 21 -99.9986494
16 21 -1.35275141e+09
17 21 186494574
18 21 -2939377.98
19 21 -1.52655666e-16
20 21 -2.1649349e-15
21 21 45813184.5
22 21 1.35255724e+09
23 21 -188712807
24 21 -1.67638063e-08
25 21 -0.564419636
26 21 -0.281034102
27 21 -99.9980122
28 21 0
29 21 0
30 21 0
13 22 0
14 22 0
15 22 0
16 22 -99.9994682
17 22 -0.162750678
18 22 -0.278617665
19 22 -7.17118382e-08
20 22 7.66500669e+09
21 22 1.35255724e+09
22 22 6.05817386e+17
23 22 -2.55244872e+15
24 22 1.44648492e+16
25 22 -14782812.9
26 22 -7.66877412e+09
27 22 -1.33094839e+09
28 22 -99.9983522
29 22 0.0948473485
30 22 0.564091526
13 23 0
14 23 0
15 23 0
16 23 0.163963874
17 23 -99.9989016
18 23 -0.438742894
19 23 -7.66500669e+09
20 23 8.7544322e-08
21 23 -188712807
22 23 -2.55244872e+15
23 23 5.87879401e+17
24 23 1.03673603e+17
25 23 7.66594639e+09
26 23 -6740037.71
27 23 145466533
28 23 -0.0932682753
29 23 -99.9995586
30 23 0.281586971
13 24 0
14 24 0
15 24 0
16 24 0.277774899
17 24 0.439241791
18 24 -99.9983038
19 24 -1.35255724e+09
20 24 188712807
21 24 -1.67638063e-08
22 24 1.44648492e+16
23 24 1.03673603e+17
24 24 1.86502361e+16
25 24 1.3523591e+09
26 24 -189994899
27 24 -7099170.98
28 24 -0.564481158
29 24 -0.281010996
30 24 -99.9976707
19 25 -99.9983636
20 25 -0.093264293
21 25 -0.564419636
22 25 -14782812.9
23 25 7.66594639e+09
24 25 1.3523591e+09
25 25 45813184.5
26 25 9.09970883e-16
27 25 -1.00613962e-16
28 25 1.37835741e-07
29 25 -7.67049417e+09
30 25 -1.33096407e+09
31 25 -99.9990951
32 25 -0.180987496
33 25 0.38499902
34 25 0
35 25 0
36 25 0
19 26 0.0948516465
20 26 -99.9995601
21 26 -0.281034102
22 26 -7.66877412e+09
23 26 -6740037.71
24 26 -189994899
25 26 9.09970883e-16
26 26 45813184.5
27 26 -5.689893e-15
28 26 7.67049417e+09
29 26 -1.44849764e-07
30 26 146723038
31 26 0.180779387
32 26 -99.9998218
33 26 -0.0543956497
34 26 0
35 26 0
36 26 0
19 27 0.564155049
20 27 0.281564865
21 27 -99.9980122
22 27 -1.33094839e+09
23 27 145466533
24 27 -7099170.98
25 27 -1.00613962e-16
26 27 -5.689893e-15
27 27 45813184.5
28 27 1.33096407e+09
29 27 -146723038
30 27 9.31322575e-09
31 27 -0.385096783
32 27 0.0536991586
33 27 -99.9992441
34 27 0
35 27 0
36 27 0
19 28 0
20 28 0
21 28 0
22 28 -99.9983522
23 28 -0.0932682753
24 28 -0.564481158
25 28 1.37835741e-07
26 28 7.67049417e+09
27 28 1.33096407e+09
28 28 6.06079462e+17
29 28 -1.95283092e+15
30 28 1.12543821e+16
31 28 8741172.52
32 28 -7.66976578e+09
33 28 -1.33512642e+09
34 28 -99.9990834
35 28 -0.180992154
36 28 0.384934868
19 29 0
20 29 0
21 29 0
22 29 0.0948473485
23 29 -99.9995586
24 29 -0.281010996
25 29 -7.67049417e+09
26 29 -1.44849764e-07
27 29 -146723038
28 29 -1.95283092e+15
29 29 5.88580084e+17
30 29 1.02091521e+17
31 29 7.67098978e+09
32 29 13803846.3
33 29 117190601
34 29 0.180774768
35 29 -99.99982
36 29 -0.0543702023
19 30 0
20 30 0
21 30 0
22 30 0.564091526
23 30 0.281586971
24 30 -99.9976707
25 30 -1.33096407e+09
26 30 146723038
27 30 9.31322575e-09
28 30 1.12543821e+16
29 30 1.02091521e+17
30 30 1.79299301e+16
31 30 1.33121727e+09
32 30 -144313898
33 30 -5204009.58
34 30 -0.385159601
35 30 0.0537242852
36 30 -99.998898
25 31 -99.9990951
26 31 0.180779387
27 31 -0.385096783
28 31 8741172.52
29 31 7.67098978e+09
30 31 1.33121727e+09
31 31 45813184.5
32 31 4.22454633e-15
33 31 -4.56232274e-15
34 31 1.23865902e-07
35 31 -7.67119734e+09
36 31 -1.33550645e+09
37 31 -99.9997219
38 31 -0.0378731278
39 31 0.232785978
40 31 0
41 31 0
42 31 0
25 32 -0.180987496
26 32 -99.9998218
27 32 0.0536991586
28 32 -7.66976578e+09
29 32 13803846.3
30 32 -144313898
31 32 4.22454633e-15
32 32 45813184.5
33 32 -6.32827124e-15
34 32 7.67119734e+09
35 32 -1.63214281e-07
36 32 114790547
37 32 0.0374222174
38 32 -99.9998054
39 32 -0.193714726
40 32 0
41 32 0
42 32 0
25 33 0.38499902
26 33 -0.0543956497
27 33 -99.9992441
28 33 -1.33512642e+09
29 33 117190601
30 33 -5204009.58
31 33 -4.56232274e-15
32 33 -6.32827124e-15
33 33 45813184.5
34 33 1.33550645e+09
35 33 -114790547
36 33 4.56348062e-08
37 33 -0.232858891
38 33 0.193627074
39 33 -99.9995414
40 33 0
41 33 0
42 33 0
25 34 0
26 34 0
27 34 0
28 34 -99.9990834
29 34 0.180774768
30 34 -0.385159601
31 34 1.23865902e-07
32 34 7.67119734e+09
33 34 1.33550645e+09
34 34 6.06308462e+17
35 34 -1.53303517e+15
36 34 8.80580942e+15
37 34 -239113.368
38 34 -7.66859651e+09
39 34 -1.35036057e+09
40 34 -99.9997102
41 34 -0.0378774592
42 34 0.232721615
25 35 0
26 35 0
27 35 0
28 35 -0.180992154
29 35 -99.99982
30 35 0.0537242852
31 35 -7.67119734e+09
32 35 -1.63214281e-07
33 35 -114790547
34 35 -1.53303517e+15
35 35 5.88604455e+17
36 35 1.02449336e+17
37 35 7.67144331e+09
38 35 2683056.79
39 35 96932549.2
40 35 0.0374178126
41 35 -99.9998037
42 35 -0.193690523
25 36 0
26 36 0
27 36 0
28 36 0.384934868
29 36 -0.0543702023
30 36 -99.998898
31 36 -1.33550645e+09
32 36 114790547
33 36 4.56348062e-08
34 36 8.80580942e+15
35 36 1.02449336e+17
36 36 1.79675436e+16
37 36 1.3355457e+09
38 36 -114284526
39 36 -3331237.95
40 36 -0.232922414
41 36 0.193650563
42 36 -99.9991924
31 37 -99.9997219
32 37 0.0374222174
33 37 -0.232858891
34 37 -239113.368
35 37 7.67144331e+09
36 37 1.3355457e+09
37 37 45813184.5
38 37 2.86974424e-15
39 37 -4.13558077e-15
40 37 4.56348062e-08
41 37 -7.66991567e+09
42 37 -1.35058985e+09
43 37 -99.9995706
44 37 -0.190884003
45 37 0.222345827
46 37 0
47 37 0
48 37 0
31 38 -0.0378731278
32 38 -99.9998054
33 38 0.193627074
34 38 -7.66859651e+09
35 38 2683056.79
36 38 -114284526
37 38 2.86974424e-15
38 38 45813184.5
39 38 -3.45556916e-15
40 38 7.66991567e+09
41 38 -5.61121851e-08
42 38 96440883.6
43 38 0.190096439
44 38 -99.9991932
45 38 -0.353881065
46 38 0
47 38 0
48 38 0
31 39 0.232785978
32 39 -0.193714726
33 39 -99.9995414
34 39 -1.35036057e+09
35 39 96932549.2
36 39 -3331237.95
37 39 -4.13558077e-15
38 39 -3.45556916e-15
39 39 45813184.5
40 39 1.35058985e+09
41 39 -96440883.6
42 39 8.38190317e-09
43 39 -0.223019535
44 39 0.353456874
45 39 -99.9991266
46 39 0
47 39 0
48 39 0
31 40 0
32 40 0
33 40 0
34 40 -99.9997102
35 40 0.0374178126
36 40 -0.232922414
37 40 4.56348062e-08
38 40 7.66991567e+09
39 40 1.35058985e+09
40 40 6.06516993e+17
41 40 -1.30252079e+15
42 40 7.39693444e+15
43 40 11568157.4
44 40 -7.66508003e+09
45 40 -1.37772043e+09
46 40 -99.999559
47 40 -0.190888523
48 40 0.222281765
31 41 0
32 41 0
33 41 0
34 41 -0.0378774592
35 41 -99.9998037
36 41 0.193650563
37 41 -7.66991567e+09
38 41 -5.61121851e-08
39 41 -96440883.6
40 41 -1.30252079e+15
41 41 5.88369072e+17
42 41 1.03589103e+17
43 41 7.67009782e+09
44 41 14299765.1
45 41 79386304
46 41 0.190091725
47 41 -99.9991913
48 41 -0.353855092
31 42 0
32 42 0
33 42 0
34 42 0.232721615
35 42 -0.193690523
36 42 -99.9991924
37 42 -1.35058985e+09
38 42 96440883.6
39 42 8.38190317e-09
40 42 7.39693444e+15
41 42 1.03589103e+17
42 42 1.83339379e+16
43 42 1.35076738e+09
44 42 -93862045.5
45 42 -3344266.19
46 42 -0.223082825
47 42 0.353481475
48 42 -99.998778
37 43 -99.9995706
38 43 0.190096439
39 43 -0.223019535
40 43 11568157.4
41 43 7.67009782e+09
42 43 1.35076738e+09
43 43 45813184.5
44 43 2.29567274e-15
45 43 8.29197822e-16
46 43 1.46450475e-07
47 43 -7.66650965e+09
48 43 -1.37809327e+09
49 43 -99.9995822
50 43 -0.275542359
51 43 -0.0873527918
52 43 0
53 43 0
54 43 0
37 44 -0.190884003
38 44 -99.9991932
39 44 0.353456874
40 44 -7.66508003e+09
41 44 14299765.1
42 44 -93862045.5
43 44 2.29567274e-15
44 44 45813184.5
45 44 -9.02056208e-16
46 44 7.66650965e+09
47 44 -1.28464308e-07
48 44 76779914.7
49 44 0.275814729
50 44 -99.9991291
51 44 -0.313233201
52 44 0
53 44 0
54 44 0
37 45 0.222345827
38 45 -0.353881065
39 45 -99.9991266
40 45 -1.37772043e+09
41 45 79386304
42 45 -3344266.19
43 45 8.29197822e-16
44 45 -9.02056208e-16
45 45 45813184.5
46 45 1.37809327e+09
47 45 -76779914.7
48 45 -2.0256266e-08
49 45 0.0864889408
50 45 0.313472825
51 45 -99.9994713
52 45 0
53 45 0
54 45 0
37 46 0
38 46 0
39 46 0
40 46 -99.999559
41 46 0.190091725
42 46 -0.223082825
43 46 1.46450475e-07
44 46 7.66650965e+09
45 46 1.37809327e+09
46 46 6.06745112e+17
47 46 -1.05809883e+15
48 46 5.88633956e+15
49 46 22337261.1
50 46 -7.66212293e+09
51 46 -1.40210003e+09
52 46 -99.9995708
53 46 -0.275546932
54 46 -0.0874163031
37 47 0
38 47 0
39 47 0
40 47 -0.190888523
41 47 -99.9991913
42 47 0.353481475
43 47 -7.66650965e+09
44 47 -1.28464308e-07
45 47 -76779914.7
46 47 -1.05809883e+15
47 47 5.87812654e+17
48 47 1.05651653e+17
49 47 7.66641121e+09
50 47 20883797.4
51 47 83476418.9
52 47 0.275809897
53 47 -99.9991271
54 47 -0.313206436
37 48 0
38 48 0
39 48 0
40 48 0.222281765
41 48 -0.353855092
42 48 -99.998778
43 48 -1.37809327e+09
44 48 76779914.7
45 48 -2.0256266e-08
46 48 5.88633956e+15
47 48 1.05651653e+17
48 48 1.90503621e+16
49 48 1.37829928e+09
50 48 -72982015.2
51 48 963302.758
52 48 0.0864250547
53 48 0.313498304
54 48 -99.9991174
43 49 -99.9995822
44 49 0.275814729
45 49 0.0864889408
46 49 22337261.1
47 49 7.66641121e+09
48 49 1.37829928e+09
49 49 45813184.5
50 49 1.83018409e-15
51 49 1.536965e-15
52 49 1.67638063e-08
53 49 -7.66346395e+09
54 49 -1.40257756e+09
55 49 -99.9985724
56 49 -0.397879009
57 49 -0.356656218
58 49 0
59 49 0
60 49 0
43 50 -0.275542359
44 50 -99.9991291
45 50 0.313472825
46 50 -7.66212293e+09
47 50 20883797.4
48 50 -72982015.2
49 50 1.83018409e-15
50 50 45813184.5
51 50 -6.97358837e-16
52 50 7.66346395e+09
53 50 -1.7847924e-08
54 50 79623614.5
55 50 0.397709806
56 50 -99.9991975
57 50 0.0481380661
58 50 0
59 50 0
60 50 0
43 51 -0.0873527918
44 51 -0.313233201
45 51 -99.9994713
46 51 -1.40210003e+09
47 51 83476418.9
48 51 963302.758
49 51 1.536965e-15
50 51 -6.97358837e-16
51 51 45813184.5
52 51 1.40257756e+09
53 51 -79623614.5
54 51 9.31322575e-10
55 51 0.356844887
56 51 -0.0467189222
57 51 -99.9993524
58 51 0
59 51 0
60 51 0
43 52 0
44 52 0
45 52 0
46 52 -99.9995708
47 52 0.275809897
48 52 0.0864250547
49 52 1.67638063e-08
50 52 7.66346395e+09
51 52 1.40257756e+09
52 52 6.06959035e+17
53 52 -1.11678295e+15
54 52 6.101927e+15
55 52 35483373.9
56 52 -7.66405772e+09
57 52 -1.39887943e+09
58 52 -99.9985613
59 52 -0.397883601
60 52 -0.356718856
43 53 0
44 53 0
45 53 0
46 53 -0.275546932
47 53 -99.9991271
48 53 0.313498304
49 53 -7.66346395e+09
50 53 -1.7847924e-08
51 53 -79623614.5
52 53 -1.11678295e+15
53 53 5.87350196e+17
54 53 1.07486025e+17
55 53 7.66307042e+09
56 53 30528513.7
57 53 106955320
58 53 0.397705098
59 53 -99.9991956
60 53 0.0481644587
43 54 0
44 54 0
45 54 0
46 54 -0.0874163031
47 54 -0.313206436
48 54 -99.9991174
49 54 -1.40257756e+09
50 54 79623614.5
51 54 9.31322575e-10
52 54 6.101927e+15
53 54 1.07486025e+17
54 54 1.97356373e+16
55 54 1.40287421e+09
56 54 -74042413.9
57 54 5040709.33
58 54 0.35678082
59 54 -0.0466925938
60 54 -99.9989932
49 55 -99.9985724
50 55 0.397709806
51 55 0.356844887
52 55 35483373.9
53 55 7.66307042e+09
54 55 1.40287421e+09
55 55 45813184.5
56 55 2.9956506e-16
57 55 -1.00613962e-16
58 55 3.7252903e-09
59 55 -7.6653374e+09
60 55 -1.39958252e+09
61 55 -99.9981381
62 55 -0.569527452
63 55 -0.219117437
64 55 0
65 55 0
66 55 0
49 56 -0.397879009
50 56 -99.9991975
51 56 -0.0467189222
52 56 -7.66405772e+09
53 56 30528513.7
54 56 -74042413.9
55 56 2.9956506e-16
56 56 45813184.5
57 56 -4.16333634e-17
58 56 7.6653374e+09
59 56 -8.81846063e-09
60 56 101411236
61 56 0.5691592
62 56 -99.9982386
63 56 0.168319589
64 56 0
65 56 0
66 56 0
49 57 -0.356656218
50 57 0.0481380661
51 57 -99.9993524
52 57 -1.39887943e+09
53 57 106955320
54 57 5040709.33
55 57 -1.00613962e-16
56 57 -4.16333634e-17
57 57 45813184.5
58 57 1.39958252e+09
59 57 -101411236
60 57 4.65661287e-10
61 57 0.220072203
62 57 -0.167069328
63 57 -99.9996183
64 57 0
65 57 0
66 57 0
49 58 0
50 58 0
51 58 0
52 58 -99.9985613
53 58 0.397705098
54 58 0.35678082
55 58 3.7252903e-09
56 58 7.6653374e+09
57 58 1.39958252e+09
58 58 6.07162287e+17
59 58 -1.41933394e+15
60 58 7.77351342e+15
61 58 46708065.1
62 58 -7.66754066e+09
63 58 -1.38667492e+09
64 58 -99.9981268
65 58 -0.569532245
66 58 -0.219180624
49 59 0
50 59 0
51 59 0
52 59 -0.397883601
53 59 -99.9991956
54 59 -0.0466925938
55 59 -7.6653374e+09
56 59 -8.81846063e-09
57 59 -101411236
58 59 -1.41933394e+15
59 59 5.87676817e+17
60 59 1.07282723e+17
61 59 7.6649715e+09
62 59 43825627.8
63 59 118206940
64 59 0.569154378
65 59 -99.9982366
66 59 0.168346457
49 60 0
50 60 0
51 60 0
52 60 -0.356718856
53 60 0.0481644587
54 60 -99.9989932
55 60 -1.39958252e+09
56 60 101411236
57 60 4.65661287e-10
58 60 7.77351342e+15
59 60 1.07282723e+17
60 60 1.96911549e+16
61 60 1.40013366e+09
62 60 -93438443.3
63 60 3237424.33
64 60 0.220008044
65 60 -0.167042209
66 60 -99.9992608
55 61 -99.9981381
56 61 0.5691592
57 61 0.220072203
58 61 46708065.1
59 61 7.6649715e+09
60 61 1.40013366e+09
61 61 45813184.5
62 61 -4.38899947e-15
63 61 -2.15105711e-16
64 61 -3.40864062e-07
65 61 -7.66912736e+09
66 61 -1.387634e+09
67 61 -99.9985851
68 61 -0.360402981
69 61 -0.391255873
70 61 0
71 61 0
72 61 0
55 62 -0.569527452
56 62 -99.9982386
57 62 -0.167069328
58 62 -7.66754066e+09
59 62 43825627.8
60 62 -93438443.3
61 62 -4.38899947e-15
62 62 45813184.5
63 62 -2.22044605e-16
64 62 7.66912736e+09
65 62 3.36556695e-07
66 62 110337019
67 62 0.362676937
68 62 -99.9976484
69 62 -0.5820488
70 62 0
71 62 0
72 62 0
55 63 -0.219117437
56 63 0.168319589
57 63 -99.9996183
58 63 -1.38667492e+09
59 63 118206940
60 63 3237424.33
61 63 -2.15105711e-16
62 63 -2.22044605e-16
63 63 45813184.5
64 63 1.387634e+09
65 63 -110337019
66 63 3.7252903e-09
67 63 0.389148951
68 63 0.58345956
69 63 -99.9975407
70 63 0
71 63 0
72 63 0
55 64 0
56 64 0
57 64 0
58 64 -99.9981268
59 64 0.569154378
60 64 0.220008044
61 64 -3.40864062e-07
62 64 7.66912736e+09
63 64 1.387634e+09
64 64 6.07410426e+17
65 64 -1.53107399e+15
66 64 8.46188651e+15
67 64 33214119.3
68 64 -7.66085073e+09
69 64 -1.43223794e+09
70 64 -99.9985742
71 64 -0.360408029
72 64 -0.391317856
55 65 0
56 65 0
57 65 0
58 65 -0.569532245
59 65 -99.9982366
60 65 -0.167042209
61 65 -7.66912736e+09
62 65 3.36556695e-07
63 65 -110337019
64 65 -1.53107399e+15
65 65 5.88276887e+17
66 65 1.06419419e+17
67 65 7.66858948e+09
68 65 26995991.7
69 65 140340217
70 65 0.362671355
71 65 -99.9976458
72 65 -0.582017103
55 66 0
56 66 0
57 66 0
58 66 -0.219180624
59 66 0.168346457
60 66 -99.9992608
61 66 -1.387634e+09
62 66 110337019
63 66 3.7252903e-09
64 66 8.46188651e+15
65 66 1.06419419e+17
66 66 1.93770239e+16
67 66 1.38801454e+09
68 66 -105333350
69 66 4786984.24
70 66 0.389085439
71 66 0.583488934
72 66 -99.99718
61 67 -99.9985851
62 67 0.362676937
63 67 0.389148951
64 67 33214119.3
65 67 7.66858948e+09
66 67 1.38801454e+09
67 67 45813184.5
68 67 -5.94510742e-15
69 67 -1.07552856e-16
70 67 -1.21770427e-07
71 67 -7.6622673e+09
72 67 -1.43308886e+09
73 67 -99.9992572
74 67 -0.372816361
75 67 -0.0978260977
76 67 0
77 67 0
78 67 0
61 68 -0.360402981
62 68 -99.9976484
63 68 0.58345956
64 68 -7.66085073e+09
65 68 26995991.7
66 68 -105333350
67 68 -5.94510742e-15
68 68 45813184.5
69 68 4.85722573e-16
70 68 7.6622673e+09
71 68 1.2118835e-07
72 68 135179569
73 68 0.373195176
74 68 -99.9985433
75 68 -0.389950177
76 68 0
77 68 0
78 68 0
61 69 -0.391255873
62 69 -0.5820488
63 69 -99.9975407
64 69 -1.43223794e+09
65 69 140340217
66 69 4786984.24
67 69 -1.07552856e-16
68 69 4.85722573e-16
69 69 45813184.5
70 69 1.43308886e+09
71 69 -135179569
72 69 6.98491931e-10
73 69 0.0963708747
74 69 0.390312363
75 69 -99.9991918
76 69 0
77 69 0
78 69 0
61 70 0
62 70 0
63 70 0
64 70 -99.9985742
65 70 0.362671355
66 70 0.389085439
67 70 -1.21770427e-07
68 70 7.6622673e+09
69 70 1.43308886e+09
70 70 6.07640838e+17
71 70 -1.93724334e+15
72 70 1.03578199e+16
73 70 29976292.2
74 70 -7.65656216e+09
75 70 -1.4629563e+09
76 70 -99.9992454
77 70 -0.372821439
78 70 -0.0978908247
61 71 0
62 71 0
63 71 0
64 71 -0.360408029
65 71 -99.9976458
66 71 0.583488934
67 71 -7.6622673e+09
68 71 1.2118835e-07
69 71 -135179569
70 71 -1.93724334e+15
71 71 5.87286137e+17
72 71 1.09807099e+17
73 71 7.66208011e+09
74 71 28038563.5
75 71 142674173
76 71 0.373189763
77 71 -99.998541
78 71 -0.389920522
61 72 0
62 72 0
63 72 0
64 72 -0.391317856
65 72 -0.582017103
66 72 -99.99718
67 72 -1.43308886e+09
68 72 135179569
69 72 6.98491931e-10
70 72 1.03578199e+16
71 72 1.09807099e+17
72 72 2.0720172e+16
73 72 1.4335827e+09
74 72 -129834810
75 72 874801.94
76 72 0.0963057024
77 72 0.390340379
78 72 -99.9988348
67 73 -99.9992572
68 73 0.373195176
69 73 0.0963708747
70 73 29976292.2
71 73 7.66208011e+09
72 73 1.4335827e+09
73 73 45813184.5
74 73 -2.38575978e-15
75 73 4.75314232e-16
76 73 -1.26892701e-08
77 73 -7.6584735e+09
78 73 -1.46385886e+09
79 73 -99.9996511
80 73 -0.245413895
81 73 0.0976987782
82 73 0
83 73 0
84 73 0
67 74 -0.372816361
68 74 -99.9985433
69 74 0.390312363
70 74 -7.65656216e+09
71 74 28038563.5
72 74 -129834810
73 74 -2.38575978e-15
74 74 45813184.5
75 74 -1.11022302e-16
76 74 7.6584735e+09
77 74 1.95577741e-08
78 74 137250180
79 74 0.244687099
80 74 -99.9969832
81 74 -0.737211506
82 74 0
83 74 0
84 74 0
67 75 -0.0978260977
68 75 -0.389950177
69 75 -99.9991918
70 75 -1.4629563e+09
71 75 142674173
72 75 874801.94
73 75 4.75314232e-16
74 75 -1.11022302e-16
75 75 45813184.5
76 75 1.46385886e+09
77 75 -137250180
78 75 -8.61473382e-09
79 75 -0.0995050502
80 75 0.736969878
81 75 -99.9972348
82 75 0
83 75 0
84 75 0
67 76 0
68 76 0
69 76 0
70 76 -99.9992454
71 76 0.373189763
72 76 0.0963057024
73 76 -1.26892701e-08
74 76 7.6584735e+09
75 76 1.46385886e+09
76 76 6.07950991e+17
77 76 -2.00914891e+15
78 76 1.05112687e+16
79 76 17282683.1
80 76 -7.64745426e+09
81 76 -1.52027752e+09
82 76 -99.9996387
83 76 -0.245419604
84 76 0.0976319618
67 77 0
68 77 0
69 77 0
70 77 -0.372821439
71 77 -99.998541
72 77 0.390340379
73 77 -7.6584735e+09
74 77 1.95577741e-08
75 77 -137250180
76 77 -2.00914891e+15
77 77 5.86710539e+17
78 77 1.12109242e+17
79 77 7.65858335e+09
80 77 17783465.6
81 77 129764150
82 77 0.244680893
83 77 -99.9969803
84 77 -0.737178101
67 78 0
68 78 0
69 78 0
70 78 -0.0978908247
71 78 -0.389920522
72 78 -99.9988348
73 78 -1.46385886e+09
74 78 137250180
75 78 -8.61473382e-09
76 78 1.05112687e+16
77 78 1.12109242e+17
78 78 2.16172036e+16
79 78 1.46418958e+09
80 78 -133653526
81 78 -2441996.33
82 78 -0.099571536
83 78 0.737000454
84 78 -99.9968769
73 79 -99.9996511
74 79 0.244687099
75 79 -0.0995050502
76 79 17282683.1
77 79 7.65858335e+09
78 79 1.46418958e+09
79 79 45813184.5
80 79 -4.01180554e-15
81 79 2.51881849e-15
82 79 -2.12341547e-07
83 79 -7.64974291e+09
84 79 -1.52101743e+09
85 79 -99.9991744
86 79 -0.188128184
87 79 0.360184219
88 79 0
89 79 0
90 79 0
73 80 -0.245413895
74 80 -99.9969832
75 80 0.736969878
76 80 -7.64745426e+09
77 80 17783465.6
78 80 -133653526
79 80 -4.01180554e-15
80 80 45813184.5
81 80 5.82867088e-16
82 80 7.64974291e+09
83 80 2.38069333e-07
84 80 126082512
85 80 0.185872967
86 80 -99.9978713
87 80 -0.625443041
88 80 0
89 80 0
90 80 0
73 81 0.0976987782
74 81 -0.737211506
75 81 -99.9972348
76 81 -1.52027752e+09
77 81 129764150
78 81 -2441996.33
79 81 2.51881849e-15
80 81 5.82867088e-16
81 81 45813184.5
82 81 1.52101743e+09
83 81 -126082512
84 81 -2.70083547e-08
85 81 -0.361353186
86 81 0.624768392
87 81 -99.9973954
88 81 0
89 81 0
90 81 0
73 82 0
74 82 0
75 82 0
76 82 -99.9996387
77 82 0.244680893
78 82 -0.099571536
79 82 -2.12341547e-07
80 82 7.64974291e+09
81 82 1.52101743e+09
82 82 6.08320607e+17
83 82 -1.91773699e+15
84 82 9.64498803e+15
85 82 8722559.15
86 82 -7.64007724e+09
87 82 -1.5688226e+09
88 82 -99.9991609
89 82 -0.188133977
90 82 0.360114091
73 83 0
74 83 0
75 83 0
76 83 -0.245419604
77 83 -99.9969803
78 83 0.737000454
79 83 -7.64974291e+09
80 83 2.38069333e-07
81 83 -126082512
82 83 -1.91773699e+15
83 83 5.85344634e+17
84 83 1.16353923e+17
85 83 7.65013536e+09
86 83 13603598.7
87 83 98526061.4
88 83 0.185866821
89 83 -99.9978687
90 83 -0.62541108
73 84 0
74 84 0
75 84 0
76 84 0.0976319618
77 84 -0.737178101
78 84 -99.9968769
79 84 -1.52101743e+09
80 84 126082512
81 84 -2.70083547e-08
82 84 9.64498803e+15
83 84 1.16353923e+17
84 84 2.32939084e+16
85 84 1.52123923e+09
86 84 -123218366
87 84 -6267039.06
88 84 -0.361421995
89 84 0.624797949
90 84 -99.9970376
79 85 -99.9991744
80 85 0.185872967
81 85 -0.361353186
82 85 8722559.15
83 85 7.65013536e+09
84 85 1.52123923e+09
85 85 45813184.5
86 85 -5.89035182e-15
87 85 3.8719028e-15
88 85 -1.52271241e-07
89 85 -7.64277375e+09
90 85 -1.5694855e+09
91 85 -99.9994838
92 85 -0.210539511
93 85 0.242732318
94 85 0
95 85 0
96 85 0
79 86 -0.188128184
80 86 -99.9978713
81 86 0.624768392
82 86 -7.64007724e+09
83 86 13603598.7
84 86 -123218366
85 86 -5.89035182e-15
86 86 45813184.5
87 86 1.44328993e-15
88 86 7.64277375e+09
89 86 1.83470547e-07
90 86 95640361.9
91 86 0.209098842
92 86 -99.9980275
93 86 -0.592255547
94 86 0
95 86 0
96 86 0
79 87 0.360184219
80 87 -0.625443041
81 87 -99.9973954
82 87 -1.5688226e+09
83 87 98526061.4
84 87 -6267039.06
85 87 3.8719028e-15
86 87 1.44328993e-15
87 87 45813184.5
88 87 1.5694855e+09
89 87 -95640361.9
90 87 -2.93366611e-08
91 87 -0.243974462
92 87 0.591744939
93 87 -99.9979516
94 87 0
95 87 0
96 87 0
79 88 0
80 88 0
81 88 0
82 88 -99.9991609
83 88 0.185866821
84 88 -0.361421995
85 88 -1.52271241e-07
86 88 7.64277375e+09
87 88 1.5694855e+09
88 88 6.08752753e+17
89 88 -1.50106161e+15
90 88 7.30957648e+15
91 88 12151807.6
92 88 -7.63333565e+09
93 88 -1.6147181e+09
94 88 -99.9994708
95 88 -0.210545083
96 88 0.24266391
79 89 0
80 89 0
81 89 0
82 89 -0.188133977
83 89 -99.9978687
84 89 0.624797949
85 89 -7.64277375e+09
86 89 1.83470547e-07
87 89 -95640361.9
88 89 -1.50106161e+15
89 89 5.84211376e+17
90 89 1.19952226e+17
91 89 7.64296763e+09
92 89 15525111.5
93 89 77086920.9
94 89 0.209092908
95 89 -99.998025
96 89 -0.592224171
79 90 0
80 90 0
81 90 0
82 90 0.360114091
83 90 -0.62541108
84 90 -99.9970376
85 90 -1.5694855e+09
86 90 95640361.9
87 90 -2.93366611e-08
88 90 7.30957648e+15
89 90 1.19952226e+17
90 90 2.47243182e+16
91 90 1.56967738e+09
92 90 -92334088.4
93 90 -4376083.88
94 90 -0.244041998
95 90 0.591774029
96 90 -99.9975944
85 91 -99.9994838
86 91 0.209098842
87 91 -0.243974462
88 91 12151807.6
89 91 7.64296763e+09
90 91 1.56967738e+09
91 91 45813184.5
92 91 -5.4976504e-15
93 91 5.10355647e-15
94 91 -1.47148967e-07
95 91 -7.63599293e+09
96 91 -1.61539759e+09
97 91 -99.9995485
98 91 -0.0807779793
99 91 0.289437715
100 91 0
101 91 0
102 91 0
85 92 -0.210539511
86 92 -99.9980275
87 92 0.591744939
88 92 -7.63333565e+09
89 92 15525111.5
90 92 -92334088.4
91 92 -5.4976504e-15
92 92 45813184.5
93 92 1.58206781e-15
94 92 7.63599293e+09
95 92 1.99011993e-07
96 92 73735230.5
97 92 0.0787983995
98 92 -99.9976337
99 92 -0.683402347
100 92 0
101 92 0
102 92 0
85 93 0.242732318
86 93 -0.592255547
87 93 -99.9979516
88 93 -1.6147181e+09
89 93 77086920.9
90 93 -4376083.88
91 93 5.10355647e-15
92 93 1.58206781e-15
93 93 45813184.5
94 93 1.61539759e+09
95 93 -73735230.5
96 93 -5.0291419e-08
97 93 -0.289982905
98 93 0.68317119
99 93 -99.9972459
100 93 0
101 93 0
102 93 0
85 94 0
86 94 0
87 94 0
88 94 -99.9994708
89 94 0.209092908
90 94 -0.244041998
91 94 -1.47148967e-07
92 94 7.63599293e+09
93 94 1.61539759e+09
94 94 6.09178974e+17
95 94 -1.19111714e+15
96 94 5.63041699e+15
97 94 1332663.37
98 94 -7.62477631e+09
99 94 -1.66753765e+09
100 94 -99.9995353
101 94 -0.0807839794
102 94 0.289368513
85 95 0
86 95 0
87 95 0
88 95 -0.210545083
89 95 -99.998025
90 95 0.591774029
91 95 -7.63599293e+09
92 95 1.99011993e-07
93 95 -73735230.5
94 95 -1.19111714e+15
95 95 5.83138249e+17
96 95 1.23351646e+17
97 95 7.63617227e+09
98 95 5664462.94
99 95 51631756.3
100 95 0.078792011
101 95 -99.9976308
102 95 -0.683368793
85 96 0
86 96 0
87 96 0
88 96 0.24266391
89 96 -0.592224171
90 96 -99.9975944
91 96 -1.61539759e+09
92 96 73735230.5
93 96 -5.0291419e-08
94 96 5.63041699e+15
95 96 1.23351646e+17
96 96 2.61494626e+16
97 96 1.6154484e+09
98 96 -72428600.2
99 96 -5179478.16
100 96 -0.290051015
101 96 0.683202207
102 96 -99.9968882
91 97 -99.9995485
92 97 0.0787983995
93 97 -0.289982905
94 97 1332663.37
95 97 7.63617227e+09
96 97 1.6154484e+09
97 97 45813184.5
98 97 -3.91631104e-15
99 97 5.17641485e-15
100 97 1.79279596e-08
101 97 -7.62754431e+09
102 97 -1.66815181e+09
103 97 -99.9999404
104 97 0.080980667
105 97 0.0731880916
106 97 0
107 97 0
108 97 0
91 98 -0.0807779793
92 98 -99.9976337
93 98 0.68317119
94 98 -7.62477631e+09
95 98 5664462.94
96 98 -72428600.2
97 98 -3.91631104e-15
98 98 45813184.5
99 98 2.04003481e-15
100 98 7.62754431e+09
101 98 1.83354132e-08
102 98 50335994.3
103 98 -0.0810119101
104 98 -99.9999581
105 98 -0.0426692735
106 98 0
107 98 0
108 98 0
91 99 0.289437715
92 99 -0.683402347
93 99 -99.9972459
94 99 -1.66753765e+09
95 99 51631756.3
96 99 -5179478.16
97 99 5.17641485e-15
98 99 2.04003481e-15
99 99 45813184.5
100 99 1.66815181e+09
101 99 -50335994.3
102 99 -3.31783667e-08
103 99 -0.0731535071
104 99 0.0427285392
105 99 -99.9999641
106 99 0
107 99 0
108 99 0
91 100 0
92 100 0
93 100 0
94 100 -99.9995353
95 100 0.078792011
96 100 -0.290051015
97 100 1.79279596e-08
98 100 7.62754431e+09
99 100 1.66815181e+09
100 100 6.09621627e+17
101 100 -8.39680802e+14
102 100 3.83940027e+15
103 100 -7399530.9
104 100 -7.62682834e+09
105 100 -1.67140583e+09
106 100 -99.9999282
107 100 0.0809760198
108 100 0.0731220223
91 101 0
92 101 0
93 101 0
94 101 -0.0807839794
95 101 -99.9976308
96 101 0.683202207
97 101 -7.62754431e+09
98 101 1.83354132e-08
99 101 -50335994.3
100 101 -8.39680802e+14
101 101 5.8181966e+17
102 101 1.27239019e+17
103 101 7.62757659e+09
104 101 -6198344.1
105 101 44753522.2
106 101 -0.0810165558
107 101 -99.9999563
108 101 -0.0426441248
91 102 0
92 102 0
93 102 0
94 102 0.289368513
95 102 -0.683368793
96 102 -99.9968882
97 102 -1.66815181e+09
98 102 50335994.3
99 102 -3.31783667e-08
100 102 3.83940027e+15
101 102 1.27239019e+17
102 102 2.78526419e+16
103 102 1.66811004e+09
104 102 -51686853.7
105 102 -1242366.48
106 102 -0.0732192846
107 102 0.0427535851
108 102 -99.999608
97 103 -99.9999404
98 103 -0.0810119101
99 103 -0.0731535071
100 103 -7399530.9
101 103 7.62757659e+09
102 103 1.66811004e+09
103 103 45813184.5
104 103 1.3958798e-15
105 103 2.87617152e-15
106 103 1.87195837e-07
107 103 -7.62960687e+09
108 103 -1.67197e+09
109 103 -99.9989809
110 103 -0.20747351
111 103 -0.400971094
112 103 0
113 103 0
114 103 0
97 104 0.080980667
98 104 -99.9999581
99 104 0.0427285392
100 104 -7.62682834e+09
101 104 -6198344.1
102 104 -51686853.7
103 104 1.3958798e-15
104 104 45813184.5
105 104 1.60982339e-15
106 104 7.62960687e+09
107 104 -1.70432031e-07
108 104 46124114.5
109 104 0.205498579
110 104 -99.9985769
111 104 0.492322809
112 104 0
113 104 0
114 104 0
97 105 0.0731880916
98 105 -0.0426692735
99 105 -99.9999641
100 105 -1.67140583e+09
101 105 44753522.2
102 105 -1242366.48
103 105 2.87617152e-15
104 105 1.60982339e-15
105 105 45813184.5
106 105 1.67197e+09
107 105 -46124114.5
108 105 -1.76951289e-08
109 105 0.401986828
110 105 -0.491493802
111 105 -99.9979842
112 105 0
113 105 0
114 105 0
97 106 0
98 106 0
99 106 0
100 106 -99.9999282
101 106 -0.0810165558
102 106 -0.0732192846
103 106 1.87195837e-07
104 106 7.62960687e+09
105 106 1.67197e+09
106 106 6.10063846e+17
107 106 -7.71181356e+14
108 106 3.51908861e+15
109 106 22399832.9
110 106 -7.63771592e+09
111 106 -1.634374e+09
112 106 -99.9989711
113 106 -0.207476143
114 106 -0.401028914
97 107 0
98 107 0
99 107 0
100 107 0.0809760198
101 107 -99.9999563
102 107 0.0427535851
103 107 -7.62960687e+09
104 107 -1.70432031e-07
105 107 -46124114.5
106 107 -7.71181356e+14
107 107 5.82130284e+17
108 107 1.27564738e+17
109 107 7.6293437e+09
110 107 16056110.3
111 107 76715702.9
112 107 0.205496152
113 107 -99.9985763
114 107 0.492337111
97 108 0
98 108 0
99 108 0
100 108 0.0731220223
101 108 -0.0426441248
102 108 -99.999608
103 108 -1.67197e+09
104 108 46124114.5
105 108 -1.76951289e-08
106 108 3.51908861e+15
107 108 1.27564738e+17
108 108 2.7976111e+16
109 108 1.67204774e+09
110 108 -42654563.3
111 108 6931195.92
112 108 0.401927522
113 108 -0.491477888
114 108 -99.9976348
103 109 -99.9989809
104 109 0.205498579
105 109 0.401986828
106 109 22399832.9
107 109 7.6293437e+09
108 109 1.67204774e+09
109 109 45813184.5
110 109 2.60480588e-15
111 109 5.62050406e-16
112 109 4.09781933e-08
113 109 -7.64039544e+09
114 109 -1.6351626e+09
115 109 -99.9955912
116 109 -0.508708021
117 109 -0.789275708
118 109 0
119 109 0
120 109 0
103 110 -0.20747351
104 110 -99.9985769
105 110 -0.491493802
106 110 -7.63771592e+09
107 110 16056110.3
108 110 -42654563.3
109 110 2.60480588e-15
110 110 45813184.5
111 110 -6.9388939e-16
112 110 7.64039544e+09
113 110 -4.73228283e-08
114 110 73385596.5
115 110 0.507863739
116 110 -99.998651
117 110 0.108936565
118 110 0
119 110 0
120 110 0
103 111 -0.400971094
104 111 0.492322809
105 111 -99.9979842
106 111 -1.634374e+09
107 111 76715702.9
108 111 6931195.92
109 111 5.62050406e-16
110 111 -6.9388939e-16
111 111 45813184.5
112 111 1.6351626e+09
113 111 -73385596.5
114 111 3.7252903e-09
115 111 0.78981923
116 111 -0.104923318
117 111 -99.9968258
118 111 0
119 111 0
120 111 0
103 112 0
104 112 0
105 112 0
106 112 -99.9989711
107 112 0.205496152
108 112 0.401927522
109 112 4.09781933e-08
110 112 7.64039544e+09
111 112 1.6351626e+09
112 112 6.10493992e+17
113 112 -1.19997383e+15
114 112 5.60694977e+15
115 112 51717626.7
116 112 -7.64200804e+09
117 112 -1.62678752e+09
118 112 -99.9955832
119 112 -0.508710714
120 112 -0.789326795
103 113 0
104 113 0
105 113 0
106 113 -0.207476143
107 113 -99.9985763
108 113 -0.491477888
109 113 -7.64039544e+09
110 113 -4.73228283e-08
111 113 -73385596.5
112 113 -1.19997383e+15
113 113 5.83810279e+17
114 113 1.24932889e+17
115 113 7.63947898e+09
116 113 38944303
117 113 133687052
118 113 0.507860915
119 113 -99.9986501
120 113 0.108954563
103 114 0
104 114 0
105 114 0
106 114 -0.401028914
107 114 0.492337111
108 114 -99.9976348
109 114 -1.6351626e+09
110 114 73385596.5
111 114 3.7252903e-09
112 114 5.60694977e+15
113 114 1.24932889e+17
114 114 2.67914219e+16
115 114 1.63546321e+09
116 114 -65066403.3
117 114 12985885
118 114 0.78976527
119 114 -0.104905197
120 114 -99.996482
109 115 -99.9955912
110 115 0.507863739
111 115 0.78981923
112 115 51717626.7
113 115 7.63947898e+09
114 115 1.63546321e+09
115 115 45813184.5
116 115 6.18830413e-16
117 115 -1.5959456e-16
118 115 -1.86264515e-08
119 115 -7.64440401e+09
120 115 -1.6281467e+09
121 115 -99.9930305
122 115 -0.317200712
123 115 -1.13720244
124 115 0
125 115 0
126 115 0
109 116 -0.508708021
110 116 -99.998651
111 116 -0.104923318
112 116 -7.64200804e+09
113 116 38944303
114 116 -65066403.3
115 116 6.18830413e-16
116 116 45813184.5
117 116 -2.08166817e-15
118 116 7.64440401e+09
119 116 1.96450856e-08
120 116 125473315
121 116 0.316239476
122 116 -99.9994627
123 116 0.0863145394
124 116 0
125 116 0
126 116 0
109 117 -0.789275708
110 117 0.108936565
111 117 -99.9968258
112 117 -1.62678752e+09
113 117 133687052
114 117 12985885
115 117 -1.5959456e-16
116 117 -2.08166817e-15
117 117 45813184.5
118 117 1.6281467e+09
119 117 -125473315
120 117 -7.4505806e-09
121 117 1.13747012
122 117 -0.0827122407
123 117 -99.9934964
124 117 0
125 117 0
126 117 0
109 118 0
110 118 0
111 118 0
112 118 -99.9955832
113 118 0.507860915
114 118 0.78976527
115 118 -1.86264515e-08
116 118 7.64440401e+09
117 118 1.6281467e+09
118 118 6.10877744e+17
119 118 -2.04288965e+15
120 118 9.59168715e+15
121 118 42694305.5
122 118 -7.64570961e+09
123 118 -1.62144258e+09
124 118 -99.9930243
125 118 -0.317203242
126 118 -1.13724634
109 119 0
110 119 0
111 119 0
112 119 -0.508710714
113 119 -99.9986501
114 119 -0.104905197
115 119 -7.64440401e+09
116 119 1.96450856e-08
117 119 -125473315
118 119 -2.04288965e+15
119 119 5.84526562e+17
120 119 1.24462112e+17
121 119 7.64244401e+09
122 119 24351885.7
123 119 212397504
124 119 0.31623674
125 119 -99.9994616
126 119 0.0863339375
109 120 0
110 120 0
111 120 0
112 120 -0.789326795
113 120 0.108954563
114 120 -99.996482
115 120 -1.6281467e+09
116 120 125473315
117 120 -7.4505806e-09
118 120 9.59168715e+15
119 120 1.24462112e+17
120 120 2.66660525e+16
121 120 1.62843003e+09
122 120 -120308148
123 120 18623625.8
124 120 1.13742223
125 120 -0.0826926702
126 120 -99.9931569
115 121 -99.9930305
116 121 0.316239476
117 121 1.13747012
118 121 42694305.5
119 121 7.64244401e+09
120 121 1.62843003e+09
121 121 45813184.5
122 121 -2.69207399e-16
123 121 2.35922393e-16
124 121 5.58793545e-09
125 121 -7.64708698e+09
126 121 -1.62289257e+09
127 121 -99.9966831
128 121 0.181314715
129 121 -0.794035031
130 121 0
131 121 0
132 121 0
115 122 -0.317200712
116 122 -99.9994627
117 122 -0.0827122407
118 122 -7.64570961e+09
119 122 24351885.7
120 122 -120308148
121 122 -2.69207399e-16
122 122 45813184.5
123 122 6.47051857e-16
124 122 7.64708698e+09
125 122 -1.00772013e-08
126 122 207355359
127 122 -0.181777272
128 122 -99.9998182
129 122 0.057536194
130 122 0
131 122 0
132 122 0
115 123 -1.13720244
116 123 0.0863145394
117 123 -99.9934964
118 123 -1.62144258e+09
119 123 212397504
120 123 18623625.8
121 123 2.35922393e-16
122 123 6.47051857e-16
123 123 45813184.5
124 123 1.62289257e+09
125 123 -207355359
126 123 1.86264515e-09
127 123 0.793929266
128 123 -0.0589776608
129 123 -99.9968309
130 123 0
131 123 0
132 123 0
115 124 0
116 124 0
117 124 0
118 124 -99.9930243
119 124 0.31623674
120 124 1.13742223
121 124 5.58793545e-09
122 124 7.64708698e+09
123 124 1.62289257e+09
124 124 6.11117195e+17
125 124 -3.36515471e+15
126 124 1.58566446e+16
127 124 -1016047.01
128 124 -7.64803022e+09
129 124 -1.6184413e+09
130 124 -99.9966764
131 124 0.181311553
132 124 -0.794081633
115 125 0
116 125 0
117 125 0
118 125 -0.317203242
119 125 -99.9994616
120 125 -0.0826926702
121 125 -7.64708698e+09
122 125 -1.00772013e-08
123 125 -207355359
124 125 -3.36515471e+15
125 125 5.85209355e+17
126 125 1.24104007e+17
127 125 7.64518708e+09
128 125 -13743000.6
129 125 268069337
130 125 -0.181780576
131 125 -99.9998167
132 125 0.057559245
115 126 0
116 126 0
117 126 0
118 126 -1.13724634
119 126 0.0863339375
120 126 -99.9931569
121 126 -1.62289257e+09
122 126 207355359
123 126 1.86264515e-09
124 126 1.58566446e+16
125 126 1.24104007e+17
126 126 2.67677655e+16
127 126 1.62246182e+09
128 126 -210297525
129 126 13005639.9
130 126 0.793879918
131 126 -0.0589542956
132 126 -99.9964866
121 127 -99.9966831
122 127 -0.181777272
123 127 0.793929266
124 127 -1016047.01
125 127 7.64518708e+09
126 127 1.62246182e+09
127 127 45813184.5
128 127 -1.01748816e-15
129 127 -3.05311332e-16
130 127 -1.39698386e-08
131 127 -7.64948612e+09
