1.000000 0.000000 0.000000 0.000000
0.000000 1.000000 0.000000 0.000000
0.000000 0.000000 1.000000 0.000000
0.000000 0.000000 0.000000 1.000000

0.999995 -0.002737 0.001540 0.005080
0.002744 0.999987 -0.004205 -0.003676
-0.001529 0.004209 0.999990 0.012836
0.000000 0.000000 0.000000 1.000000

0.999953 -0.005512 0.007940 -0.008816
0.005580 0.999948 -0.008583 -0.010032
-0.007892 0.008627 0.999932 0.029255
0.000000 0.000000 0.000000 1.000000

0.999869 -0.011192 0.011672 -0.037785
0.011346 0.999847 -0.013290 -0.013631
-0.011521 0.013421 0.999844 0.042075
0.000000 0.000000 0.000000 1.000000

0.999821 -0.016574 0.009079 -0.056971
0.016727 0.999715 -0.017026 -0.017159
-0.008794 0.017175 0.999814 0.047129
0.000000 0.000000 0.000000 1.000000

0.999759 -0.021530 0.004299 -0.080237
0.021609 0.999582 -0.019196 -0.008731
-0.003884 0.019284 0.999806 0.062245
0.000000 0.000000 0.000000 1.000000

0.999737 -0.022951 0.000386 -0.096313
0.022955 0.999556 -0.018985 -0.008659
0.000050 0.018989 0.999820 0.061190
0.000000 0.000000 0.000000 1.000000

0.999652 -0.026339 -0.001648 -0.107767
0.026308 0.999518 -0.016482 -0.010423
0.002081 0.016433 0.999863 0.077728
0.000000 0.000000 0.000000 1.000000

0.999608 -0.027967 -0.001442 -0.137473
0.027948 0.999539 -0.011846 -0.016770
0.001773 0.011801 0.999929 0.086985
0.000000 0.000000 0.000000 1.000000

0.999581 -0.028955 -0.000384 -0.147018
0.028951 0.999548 -0.008092 -0.032084
0.000618 0.008078 0.999967 0.102764
0.000000 0.000000 0.000000 1.000000

0.999582 -0.028711 0.003351 -0.162780
0.028736 0.999557 -0.007802 -0.036844
-0.003126 0.007895 0.999964 0.118233
0.000000 0.000000 0.000000 1.000000

0.999614 -0.027176 0.005783 -0.175065
0.027228 0.999588 -0.009101 -0.022354
-0.005533 0.009255 0.999942 0.131467
0.000000 0.000000 0.000000 1.000000

0.999584 -0.026907 0.010389 -0.219352
0.026933 0.999634 -0.002389 -0.039064
-0.010321 0.002668 0.999943 0.137698
0.000000 0.000000 0.000000 1.000000

0.999514 -0.027534 0.014615 -0.275473
0.027498 0.999618 0.002653 -0.037913
-0.014682 -0.002250 0.999890 0.152796
0.000000 0.000000 0.000000 1.000000

0.999484 -0.028992 0.013823 -0.299812
0.028848 0.999529 0.010513 -0.037135
-0.014121 -0.010109 0.999849 0.165699
0.000000 0.000000 0.000000 1.000000

0.999463 -0.031026 0.010514 -0.322206
0.030842 0.999376 0.017212 -0.042856
-0.011041 -0.016879 0.999797 0.174778
0.000000 0.000000 0.000000 1.000000

0.999423 -0.032918 0.008394 -0.366443
0.032706 0.999170 0.024275 -0.044406
-0.009186 -0.023987 0.999670 0.184794
0.000000 0.000000 0.000000 1.000000

0.999331 -0.036053 0.006104 -0.394466
0.035845 0.998867 0.031302 -0.061400
-0.007226 -0.031062 0.999491 0.204190
0.000000 0.000000 0.000000 1.000000

0.999158 -0.040627 0.005699 -0.420443
0.040423 0.998660 0.032322 -0.078754
-0.007005 -0.032065 0.999461 0.217246
0.000000 0.000000 0.000000 1.000000

0.999055 -0.042236 0.010263 -0.454224
0.041931 0.998719 0.028319 -0.079399
-0.011446 -0.027862 0.999546 0.224867
0.000000 0.000000 0.000000 1.000000

0.998968 -0.041866 0.017629 -0.493272
0.041369 0.998760 0.027696 -0.072688
-0.018767 -0.026938 0.999461 0.244014
0.000000 0.000000 0.000000 1.000000

0.998670 -0.042975 0.028485 -0.559221
0.042200 0.998736 0.027295 -0.069094
-0.029622 -0.026057 0.999221 0.260414
0.000000 0.000000 0.000000 1.000000

0.998161 -0.048362 0.036550 -0.614364
0.047370 0.998498 0.027522 -0.079008
-0.037826 -0.025740 0.998953 0.269800
0.000000 0.000000 0.000000 1.000000

0.997806 -0.052009 0.040960 -0.657749
0.050778 0.998243 0.030521 -0.070991
-0.042476 -0.028375 0.998694 0.285901
0.000000 0.000000 0.000000 1.000000

0.997245 -0.058216 0.045960 -0.705171
0.056548 0.997721 0.036801 -0.091446
-0.047998 -0.034101 0.998265 0.301472
0.000000 0.000000 0.000000 1.000000

0.996908 -0.062605 0.047488 -0.729093
0.060656 0.997299 0.041430 -0.125255
-0.049953 -0.038421 0.998012 0.331325
0.000000 0.000000 0.000000 1.000000

0.996497 -0.067162 0.049833 -0.771674
0.065132 0.997022 0.041292 -0.143679
-0.052457 -0.037902 0.997904 0.356148
0.000000 0.000000 0.000000 1.000000

0.996096 -0.069038 0.055016 -0.816697
0.066854 0.996936 0.040603 -0.173709
-0.057650 -0.036766 0.997660 0.378830
0.000000 0.000000 0.000000 1.000000

0.995458 -0.071600 0.062739 -0.846640
0.069351 0.996894 0.037334 -0.197704
-0.065217 -0.032813 0.997331 0.400658
0.000000 0.000000 0.000000 1.000000

0.994575 -0.072658 0.074445 -0.905991
0.070429 0.996999 0.032137 -0.221020
-0.076556 -0.026719 0.996707 0.412636
0.000000 0.000000 0.000000 1.000000

0.994345 -0.070041 0.079831 -0.937638
0.068545 0.997420 0.021335 -0.164316
-0.081119 -0.015743 0.996580 0.419004
0.000000 0.000000 0.000000 1.000000

0.993732 -0.071962 0.085544 -0.996586
0.070254 0.997268 0.022810 -0.191435
-0.086952 -0.016657 0.996073 0.436129
0.000000 0.000000 0.000000 1.000000

0.993280 -0.073482 0.089413 -1.049265
0.071854 0.997188 0.021286 -0.224049
-0.090725 -0.014718 0.995767 0.450410
0.000000 0.000000 0.000000 1.000000

0.993465 -0.069452 0.090572 -1.072985
0.068561 0.997563 0.012922 -0.242227
-0.091249 -0.006628 0.995806 0.467545
0.000000 0.000000 0.000000 1.000000

0.993377 -0.062998 0.096094 -1.109381
0.063068 0.998007 0.002312 -0.241633
-0.096048 0.003764 0.995370 0.481245
0.000000 0.000000 0.000000 1.000000

0.993252 -0.058250 0.100291 -1.145330
0.059266 0.998216 -0.007183 -0.243792
-0.099694 0.013078 0.994932 0.492177
0.000000 0.000000 0.000000 1.000000

0.993352 -0.054734 0.101271 -1.174990
0.056406 0.998314 -0.013721 -0.243466
-0.100349 0.019342 0.994764 0.506970
0.000000 0.000000 0.000000 1.000000

0.993399 -0.056297 0.099941 -1.195363
0.058212 0.998170 -0.016350 -0.240440
-0.098837 0.022060 0.994859 0.522602
0.000000 0.000000 0.000000 1.000000

0.993294 -0.061019 0.098199 -1.217103
0.062675 0.997938 -0.013865 -0.249471
-0.097150 0.019927 0.995070 0.536437
0.000000 0.000000 0.000000 1.000000

0.993439 -0.063830 0.094891 -1.248074
0.065323 0.997783 -0.012704 -0.258323
-0.093870 0.018819 0.995407 0.558556
0.000000 0.000000 0.000000 1.000000

0.993985 -0.066807 0.086779 -1.240545
0.067781 0.997666 -0.008316 -0.279150
-0.086021 0.014148 0.996193 0.573139
0.000000 0.000000 0.000000 1.000000

0.994134 -0.070118 0.082344 -1.247591
0.070690 0.997490 -0.004048 -0.310216
-0.081854 0.009846 0.996596 0.589464
0.000000 0.000000 0.000000 1.000000

0.994475 -0.070351 0.077917 -1.262667
0.070912 0.997473 -0.004449 -0.330769
-0.077407 0.009949 0.996950 0.612629
0.000000 0.000000 0.000000 1.000000

0.995082 -0.068183 0.071857 -1.270964
0.068936 0.997589 -0.008058 -0.346251
-0.071134 0.012972 0.997382 0.634066
0.000000 0.000000 0.000000 1.000000

0.995564 -0.066548 0.066510 -1.262904
0.067730 0.997580 -0.015678 -0.328111
-0.065306 0.020113 0.997663 0.649387
0.000000 0.000000 0.000000 1.000000

0.995663 -0.068680 0.062758 -1.280113
0.070118 0.997317 -0.021017 -0.343409
-0.061146 0.025326 0.997807 0.671713
0.000000 0.000000 0.000000 1.000000

0.996004 -0.070056 0.055383 -1.278753
0.071601 0.997083 -0.026417 -0.345130
-0.053371 0.030277 0.998116 0.701851
0.000000 0.000000 0.000000 1.000000

0.996473 -0.068564 0.048376 -1.284273
0.069921 0.997189 -0.026936 -0.350435
-0.046393 0.030223 0.998466 0.725531
0.000000 0.000000 0.000000 1.000000

0.996818 -0.068098 0.041440 -1.279918
0.069298 0.997195 -0.028265 -0.345492
-0.039399 0.031047 0.998741 0.757600
0.000000 0.000000 0.000000 1.000000

0.997064 -0.067553 0.036051 -1.276920
0.068590 0.997242 -0.028354 -0.385459
-0.034036 0.030743 0.998948 0.804374
0.000000 0.000000 0.000000 1.000000

0.997660 -0.061561 0.029728 -1.274036
0.062497 0.997543 -0.031642 -0.410298
-0.027707 0.033425 0.999057 0.832418
0.000000 0.000000 0.000000 1.000000

0.998300 -0.053339 0.023480 -1.263029
0.054155 0.997898 -0.035591 -0.448134
-0.021532 0.036802 0.999091 0.859072
0.000000 0.000000 0.000000 1.000000

0.998437 -0.052669 0.018702 -1.244288
0.053450 0.997599 -0.044040 -0.470473
-0.016337 0.044971 0.998855 0.879308
0.000000 0.000000 0.000000 1.000000

0.998299 -0.055499 0.017881 -1.241994
0.056296 0.997275 -0.047676 -0.497188
-0.015186 0.048601 0.998703 0.890096
0.000000 0.000000 0.000000 1.000000

0.998138 -0.057802 0.019478 -1.259359
0.058694 0.997081 -0.048833 -0.553615
-0.016598 0.049886 0.998617 0.894876
0.000000 0.000000 0.000000 1.000000

0.998149 -0.058526 0.016545 -1.254102
0.059383 0.996595 -0.057209 -0.576725
-0.013140 0.058085 0.998225 0.921023
0.000000 0.000000 0.000000 1.000000

0.998292 -0.057180 0.011957 -1.240048
0.057832 0.996266 -0.064105 -0.606345
-0.008247 0.064687 0.997872 0.947282
0.000000 0.000000 0.000000 1.000000

0.998489 -0.054189 0.009115 -1.249557
0.054702 0.995962 -0.071192 -0.643232
-0.005220 0.071583 0.997421 0.975010
0.000000 0.000000 0.000000 1.000000

0.998862 -0.047621 0.002823 -1.240437
0.047695 0.995728 -0.079062 -0.685681
0.000954 0.079106 0.996866 0.984327
0.000000 0.000000 0.000000 1.000000

0.999039 -0.043831 -0.000362 -1.244892
0.043618 0.994925 -0.090671 -0.701918
0.004334 0.090569 0.995881 0.994806
0.000000 0.000000 0.000000 1.000000

0.998996 -0.044791 -0.000367 -1.241782
0.044528 0.993961 -0.100291 -0.725895
0.004857 0.100174 0.994958 1.005926
0.000000 0.000000 0.000000 1.000000

0.998895 -0.046955 0.001881 -1.269936
0.046880 0.992917 -0.109167 -0.731215
0.003258 0.109134 0.994022 1.023030
0.000000 0.000000 0.000000 1.000000

0.998767 -0.049652 0.000370 -1.286940
0.049380 0.992462 -0.112161 -0.758057
0.005202 0.112041 0.993690 1.034001
0.000000 0.000000 0.000000 1.000000

0.998606 -0.052490 -0.005544 -1.300565
0.051493 0.991895 -0.116162 -0.776624
0.011596 0.115714 0.993215 1.049529
0.000000 0.000000 0.000000 1.000000

0.998543 -0.051979 -0.014519 -1.294577
0.049891 0.991647 -0.118946 -0.785593
0.020581 0.118048 0.992795 1.068782
0.000000 0.000000 0.000000 1.000000

0.998404 -0.052470 -0.020902 -1.287421
0.049542 0.991291 -0.122017 -0.786941
0.027122 0.120786 0.992308 1.088084
0.000000 0.000000 0.000000 1.000000

0.998258 -0.054358 -0.022938 -1.297753
0.051189 0.991283 -0.121399 -0.798287
0.029337 0.120014 0.992339 1.106679
0.000000 0.000000 0.000000 1.000000

0.998209 -0.055305 -0.022805 -1.320653
0.052233 0.991589 -0.118422 -0.820933
0.029162 0.117019 0.992701 1.113220
0.000000 0.000000 0.000000 1.000000

0.998210 -0.056164 -0.020528 -1.351170
0.053335 0.991448 -0.119104 -0.820733
0.027042 0.117796 0.992670 1.134275
0.000000 0.000000 0.000000 1.000000

0.998325 -0.054327 -0.019878 -1.369813
0.051620 0.991692 -0.117821 -0.832532
0.026114 0.116598 0.992836 1.149240
0.000000 0.000000 0.000000 1.000000

0.998523 -0.051153 -0.018327 -1.401227
0.048686 0.992026 -0.116250 -0.840996
0.024128 0.115186 0.993051 1.171767
0.000000 0.000000 0.000000 1.000000

0.998676 -0.049132 -0.015221 -1.446859
0.047112 0.992517 -0.112656 -0.855146
0.020642 0.111789 0.993518 1.153722
0.000000 0.000000 0.000000 1.000000

0.998752 -0.047975 -0.013906 -1.465508
0.046168 0.992901 -0.109620 -0.860111
0.019066 0.108842 0.993876 1.164441
0.000000 0.000000 0.000000 1.000000

0.998768 -0.048532 -0.010352 -1.497803
0.047151 0.993154 -0.106875 -0.866497
0.015468 0.106256 0.994219 1.171313
0.000000 0.000000 0.000000 1.000000

0.998780 -0.048953 -0.006460 -1.534444
0.048024 0.993472 -0.103474 -0.875650
0.011483 0.103038 0.994611 1.185110
0.000000 0.000000 0.000000 1.000000

0.998654 -0.051873 -0.000463 -1.581498
0.051565 0.993608 -0.100421 -0.884491
0.005669 0.100262 0.994945 1.195028
0.000000 0.000000 0.000000 1.000000

0.998329 -0.057536 0.005407 -1.630282
0.057788 0.993424 -0.098838 -0.881554
0.000316 0.098986 0.995089 1.207285
0.000000 0.000000 0.000000 1.000000

0.998000 -0.062547 0.009161 -1.680391
0.063135 0.993492 -0.094800 -0.890626
-0.003172 0.095189 0.995454 1.212450
0.000000 0.000000 0.000000 1.000000

0.997634 -0.067700 0.011925 -1.712715
0.068511 0.993429 -0.091682 -0.885770
-0.005640 0.092282 0.995717 1.199857
0.000000 0.000000 0.000000 1.000000

0.997187 -0.073125 0.016430 -1.755730
0.074288 0.993390 -0.087503 -0.899649
-0.009922 0.088478 0.996029 1.207810
0.000000 0.000000 0.000000 1.000000

0.996468 -0.080569 0.023681 -1.804764
0.082313 0.992946 -0.085342 -0.913844
-0.016638 0.086990 0.996070 1.213070
0.000000 0.000000 0.000000 1.000000

0.995595 -0.087378 0.033982 -1.878030
0.089971 0.992375 -0.084248 -0.924771
-0.026362 0.086935 0.995865 1.212851
0.000000 0.000000 0.000000 1.000000

0.994855 -0.091874 0.042692 -1.939659
0.095147 0.992057 -0.082280 -0.942115
-0.034794 0.085918 0.995694 1.213466
0.000000 0.000000 0.000000 1.000000

0.992858 -0.102994 0.060203 -2.065152
0.107725 0.990836 -0.081481 -0.945534
-0.051260 0.087385 0.994855 1.226745
0.000000 0.000000 0.000000 1.000000

0.991553 -0.109680 0.069226 -2.126772
0.115083 0.990162 -0.079598 -0.929425
-0.059815 0.086892 0.994420 1.238346
0.000000 0.000000 0.000000 1.000000

0.990005 -0.117170 0.078491 -2.176554
0.123000 0.989638 -0.074082 -0.948386
-0.068997 0.082996 0.994158 1.261930
0.000000 0.000000 0.000000 1.000000

0.988286 -0.124291 0.088558 -2.234258
0.130678 0.988924 -0.070380 -0.961862
-0.078830 0.081128 0.993581 1.266520
0.000000 0.000000 0.000000 1.000000

0.986789 -0.131198 0.095055 -2.287488
0.137799 0.988222 -0.066546 -0.974408
-0.085205 0.078765 0.993245 1.270607
0.000000 0.000000 0.000000 1.000000

0.985649 -0.134849 0.101551 -2.358440
0.141614 0.987940 -0.062613 -1.004499
-0.091883 0.076095 0.992858 1.253617
0.000000 0.000000 0.000000 1.000000

0.984838 -0.139433 0.103211 -2.381475
0.146479 0.987132 -0.064136 -0.999077
-0.092941 0.078282 0.992590 1.266197
0.000000 0.000000 0.000000 1.000000

0.984201 -0.141058 0.107008 -2.434543
0.148365 0.986881 -0.063664 -1.012656
-0.096624 0.078535 0.992218 1.273344
0.000000 0.000000 0.000000 1.000000

0.983746 -0.141238 0.110882 -2.467945
0.148811 0.986841 -0.063243 -1.031051
-0.100490 0.078715 0.991819 1.279408
0.000000 0.000000 0.000000 1.000000

0.983178 -0.140545 0.116657 -2.509235
0.148505 0.986931 -0.062563 -1.041633
-0.106340 0.078835 0.991200 1.290364
0.000000 0.000000 0.000000 1.000000

0.982418 -0.141350 0.121959 -2.547234
0.149730 0.986751 -0.062481 -1.043326
-0.111511 0.079643 0.990567 1.308384
0.000000 0.000000 0.000000 1.000000

0.981393 -0.144565 0.126364 -2.589240
0.153055 0.986381 -0.060224 -1.051567
-0.115937 0.078444 0.990154 1.326816
0.000000 0.000000 0.000000 1.000000

0.980851 -0.146942 0.127826 -2.626590
0.155335 0.986139 -0.058324 -1.060940
-0.117484 0.077063 0.990080 1.327315
0.000000 0.000000 0.000000 1.000000

0.980592 -0.147280 0.129411 -2.658059
0.155678 0.986143 -0.057325 -1.074611
-0.119175 0.076359 0.989933 1.331057
0.000000 0.000000 0.000000 1.000000

0.980431 -0.147365 0.130529 -2.670955
0.155813 0.986140 -0.057010 -1.076907
-0.120319 0.076232 0.989804 1.327727
0.000000 0.000000 0.000000 1.000000

0.980259 -0.147553 0.131605 -2.680397
0.156034 0.986129 -0.056589 -1.081121
-0.121429 0.076007 0.989686 1.328551
0.000000 0.000000 0.000000 1.000000

0.979829 -0.148590 0.133625 -2.697036
0.157397 0.985837 -0.057898 -1.088878
-0.123129 0.077762 0.989339 1.328665
0.000000 0.000000 0.000000 1.000000

0.979227 -0.149629 0.136839 -2.723418
0.159311 0.985234 -0.062718 -1.081369
-0.125434 0.083215 0.988606 1.340385
0.000000 0.000000 0.000000 1.000000

0.978900 -0.149278 0.139535 -2.753381
0.159584 0.984990 -0.065784 -1.079327
-0.127621 0.086664 0.988030 1.330571
0.000000 0.000000 0.000000 1.000000

0.978963 -0.148313 0.140122 -2.763412
0.158864 0.985002 -0.067327 -1.090544
-0.128035 0.088171 0.987842 1.312635
0.000000 0.000000 0.000000 1.000000

0.978975 -0.148104 0.140264 -2.817259
0.159318 0.984572 -0.072357 -1.070825
-0.127384 0.093182 0.987467 1.315707
0.000000 0.000000 0.000000 1.000000

0.979898 -0.144503 0.137546 -2.829545
0.155356 0.985254 -0.071691 -1.050920
-0.125158 0.091618 0.987898 1.318115
0.000000 0.000000 0.000000 1.000000

0.980553 -0.139853 0.137685 -2.842148
0.149955 0.986494 -0.065906 -1.052468
-0.126608 0.085270 0.988281 1.305550
0.000000 0.000000 0.000000 1.000000

0.981281 -0.131191 0.140984 -2.886803
0.141048 0.988040 -0.062314 -1.049195
-0.131123 0.081034 0.988049 1.304823
0.000000 0.000000 0.000000 1.000000

0.981815 -0.127364 0.140772 -2.892314
0.137189 0.988577 -0.062403 -1.042014
-0.131216 0.080581 0.988073 1.293604
0.000000 0.000000 0.000000 1.000000

0.981786 -0.126025 0.142174 -2.920620
0.136048 0.988691 -0.063093 -1.032340
-0.132615 0.081286 0.987829 1.283049
0.000000 0.000000 0.000000 1.000000

0.981879 -0.126998 0.140659 -2.935284
0.136761 0.988660 -0.062027 -1.016010
-0.131186 0.080140 0.988113 1.270382
0.000000 0.000000 0.000000 1.000000

0.981651 -0.129225 0.140219 -2.949437
0.138509 0.988628 -0.058568 -1.011950
-0.131056 0.076915 0.988387 1.243730
0.000000 0.000000 0.000000 1.000000

0.981458 -0.130983 0.139939 -2.957943
0.139933 0.988569 -0.056119 -0.998921
-0.130989 0.074660 0.988569 1.231543
0.000000 0.000000 0.000000 1.000000

0.980936 -0.135228 0.139562 -2.964964
0.144049 0.988034 -0.055125 -0.992906
-0.130438 0.074178 0.988678 1.217133
0.000000 0.000000 0.000000 1.000000

0.979828 -0.141343 0.141280 -2.995253
0.150771 0.986844 -0.058365 -0.967126
-0.131172 0.078489 0.988248 1.174859
0.000000 0.000000 0.000000 1.000000

0.979607 -0.140573 0.143562 -3.004158
0.150913 0.986485 -0.063820 -0.928198
-0.132650 0.084184 0.987581 1.148113
0.000000 0.000000 0.000000 1.000000

0.978848 -0.141518 0.147745 -3.023522
0.152769 0.985937 -0.067745 -0.900150
-0.136081 0.088883 0.986703 1.114810
0.000000 0.000000 0.000000 1.000000

0.978097 -0.141929 0.152259 -3.047217
0.154080 0.985492 -0.071165 -0.861610
-0.139950 0.093066 0.985775 1.092652
0.000000 0.000000 0.000000 1.000000

0.977544 -0.143572 0.154257 -3.060913
0.155657 0.985378 -0.069291 -0.825155
-0.142054 0.091746 0.985598 1.073470
0.000000 0.000000 0.000000 1.000000

0.976610 -0.149321 0.154713 -3.063755
0.161024 0.984739 -0.066030 -0.785393
-0.142493 0.089398 0.985750 1.065036
0.000000 0.000000 0.000000 1.000000

0.975628 -0.156200 0.154118 -3.085531
0.167023 0.984132 -0.059894 -0.748131
-0.142317 0.084175 0.986236 1.040370
0.000000 0.000000 0.000000 1.000000

0.975650 -0.157959 0.152171 -3.087760
0.167453 0.984526 -0.051656 -0.717866
-0.141657 0.075880 0.987003 1.020496
0.000000 0.000000 0.000000 1.000000

0.974824 -0.159353 0.155963 -3.112362
0.166995 0.985259 -0.037107 -0.686603
-0.147751 0.062218 0.987066 0.971205
0.000000 0.000000 0.000000 1.000000

0.974594 -0.157628 0.159123 -3.120692
0.165218 0.985616 -0.035564 -0.673068
-0.151228 0.060950 0.986618 0.944172
0.000000 0.000000 0.000000 1.000000

0.973478 -0.158448 0.165032 -3.159060
0.165883 0.985620 -0.032200 -0.627997
-0.157557 0.058722 0.985762 0.889468
0.000000 0.000000 0.000000 1.000000

0.972906 -0.160899 0.166029 -3.190113
0.168035 0.985331 -0.029776 -0.624454
-0.158803 0.056868 0.985671 0.868618
0.000000 0.000000 0.000000 1.000000

0.973115 -0.158355 0.167242 -3.209392
0.165520 0.985759 -0.029717 -0.601464
-0.160155 0.056600 0.985468 0.829570
0.000000 0.000000 0.000000 1.000000

0.973015 -0.156518 0.169542 -3.203574
0.163993 0.985976 -0.030932 -0.589630
-0.162323 0.057901 0.985037 0.808245
0.000000 0.000000 0.000000 1.000000

0.972403 -0.154578 0.174754 -3.218837
0.162633 0.986146 -0.032664 -0.569433
-0.167284 0.060183 0.984070 0.793707
0.000000 0.000000 0.000000 1.000000

0.969422 -0.162265 0.184094 -3.258224
0.170414 0.984939 -0.029233 -0.532555
-0.176578 0.059711 0.982474 0.762199
0.000000 0.000000 0.000000 1.000000

0.967764 -0.168781 0.186935 -3.281727
0.176614 0.983938 -0.025949 -0.507352
-0.179553 0.058128 0.982029 0.747126
0.000000 0.000000 0.000000 1.000000

0.965785 -0.174970 0.191426 -3.310582
0.182186 0.983048 -0.020627 -0.489091
-0.184572 0.054797 0.981290 0.725460
0.000000 0.000000 0.000000 1.000000

0.963551 -0.181750 0.196306 -3.330219
0.188226 0.982016 -0.014690 -0.474844
-0.190106 0.051105 0.980433 0.702924
0.000000 0.000000 0.000000 1.000000

0.961408 -0.186267 0.202482 -3.351075
0.192171 0.981313 -0.009720 -0.452214
-0.196887 0.048256 0.979238 0.692391
0.000000 0.000000 0.000000 1.000000

0.959300 -0.188577 0.210198 -3.386763
0.193795 0.981033 -0.004317 -0.428423
-0.205397 0.044877 0.977649 0.678365
0.000000 0.000000 0.000000 1.000000

0.956962 -0.192486 0.217193 -3.421122
0.196657 0.980469 0.002456 -0.406402
-0.213423 0.040362 0.976126 0.661613
0.000000 0.000000 0.000000 1.000000

0.954427 -0.197107 0.224095 -3.454898
0.199648 0.979800 0.011494 -0.404205
-0.221834 0.033770 0.974499 0.631788
0.000000 0.000000 0.000000 1.000000

0.946782 -0.211484 0.242649 -3.514408
0.212015 0.976966 0.024238 -0.362713
-0.242186 0.028497 0.969811 0.599605
0.000000 0.000000 0.000000 1.000000

0.942246 -0.220019 0.252515 -3.539858
0.219259 0.975158 0.031509 -0.349012
-0.253174 0.025677 0.967080 0.591670
0.000000 0.000000 0.000000 1.000000

0.937466 -0.226709 0.264123 -3.588714
0.224705 0.973678 0.038198 -0.334596
-0.265831 0.023541 0.963732 0.583683
0.000000 0.000000 0.000000 1.000000

0.932131 -0.233603 0.276696 -3.649580
0.230523 0.972067 0.044092 -0.316982
-0.279268 0.022685 0.959945 0.569116
0.000000 0.000000 0.000000 1.000000

0.925960 -0.244400 0.287867 -3.706845
0.239774 0.969446 0.051800 -0.292024
-0.291731 0.021058 0.956269 0.562457
0.000000 0.000000 0.000000 1.000000

0.919984 -0.256050 0.296763 -3.751613
0.249355 0.966496 0.060885 -0.269904
-0.302410 0.017987 0.953008 0.548594
0.000000 0.000000 0.000000 1.000000

0.913273 -0.267981 0.306786 -3.800457
0.258783 0.963316 0.071095 -0.253112
-0.314584 0.014462 0.949119 0.536633
0.000000 0.000000 0.000000 1.000000

0.906438 -0.277926 0.318005 -3.846567
0.266412 0.960526 0.080090 -0.232150
-0.327711 0.012123 0.944700 0.530832
0.000000 0.000000 0.000000 1.000000

0.900062 -0.286105 0.328682 -3.895953
0.271968 0.958156 0.089282 -0.212891
-0.340472 0.009031 0.940211 0.521410
0.000000 0.000000 0.000000 1.000000

0.892697 -0.295998 0.339821 -3.958032
0.279567 0.955156 0.097567 -0.201097
-0.353461 0.007905 0.935416 0.532183
0.000000 0.000000 0.000000 1.000000

0.886246 -0.306670 0.347161 -4.023596
0.288386 0.951787 0.104573 -0.183783
-0.362493 0.007439 0.931957 0.542020
0.000000 0.000000 0.000000 1.000000

0.880945 -0.317429 0.350963 -4.079011
0.297340 0.948261 0.111310 -0.164569
-0.368138 0.006298 0.929750 0.549048
0.000000 0.000000 0.000000 1.000000

0.876815 -0.328296 0.351309 -4.119472
0.305732 0.944572 0.119635 -0.151382
-0.371112 0.002508 0.928585 0.547147
0.000000 0.000000 0.000000 1.000000

0.871983 -0.337460 0.354635 -4.146942
0.312267 0.941339 0.127942 -0.145334
-0.377008 -0.000822 0.926210 0.547122
0.000000 0.000000 0.000000 1.000000

0.865376 -0.344942 0.363509 -4.188291
0.316827 0.938619 0.136434 -0.138307
-0.388258 -0.002897 0.921546 0.552379
0.000000 0.000000 0.000000 1.000000

0.859179 -0.350039 0.373208 -4.219792
0.318992 0.936723 0.144203 -0.138044
-0.400069 -0.004845 0.916472 0.570411
0.000000 0.000000 0.000000 1.000000

0.853696 -0.354591 0.381403 -4.266159
0.321329 0.935005 0.150042 -0.136113
-0.409818 -0.005535 0.912151 0.588726
0.000000 0.000000 0.000000 1.000000

0.852120 -0.355923 0.383681 -4.305194
0.321349 0.934487 0.153194 -0.140687
-0.413071 -0.007245 0.910670 0.597483
0.000000 0.000000 0.000000 1.000000

0.852064 -0.357127 0.382685 -4.329279
0.320314 0.933973 0.158407 -0.140206
-0.413989 -0.012394 0.910198 0.598884
0.000000 0.000000 0.000000 1.000000

0.850781 -0.358291 0.384446 -4.360219
0.319485 0.933476 0.162947 -0.149789
-0.417254 -0.015808 0.908652 0.601068
0.000000 0.000000 0.000000 1.000000

0.848839 -0.359161 0.387912 -4.390695
0.319510 0.933139 0.164817 -0.154680
-0.421171 -0.015962 0.906841 0.612801
0.000000 0.000000 0.000000 1.000000

0.848109 -0.358509 0.390105 -4.423126
0.317731 0.933359 0.166998 -0.160008
-0.423978 -0.017684 0.905500 0.621511
0.000000 0.000000 0.000000 1.000000

0.848303 -0.356595 0.391436 -4.456338
0.315425 0.934076 0.167361 -0.172356
-0.425311 -0.018504 0.904858 0.637660
0.000000 0.000000 0.000000 1.000000

0.849784 -0.353993 0.390583 -4.495579
0.313671 0.935080 0.165033 -0.154128
-0.423647 -0.017728 0.905654 0.648531
0.000000 0.000000 0.000000 1.000000

0.853599 -0.350599 0.385291 -4.513676
0.308246 0.936179 0.168976 -0.149091
-0.419944 -0.025473 0.907192 0.658483
0.000000 0.000000 0.000000 1.000000

0.857701 -0.344183 0.381952 -4.514824
0.299052 0.938252 0.173930 -0.161941
-0.418231 -0.034957 0.907668 0.680216
0.000000 0.000000 0.000000 1.000000

0.858304 -0.339641 0.384653 -4.535903
0.294118 0.939871 0.173601 -0.150871
-0.420486 -0.035869 0.906590 0.696879
0.000000 0.000000 0.000000 1.000000

0.858651 -0.336200 0.386895 -4.539387
0.289341 0.940992 0.175546 -0.109169
-0.423084 -0.038788 0.905260 0.718411
0.000000 0.000000 0.000000 1.000000

0.858028 -0.335098 0.389227 -4.557539
0.284439 0.941038 0.183143 -0.112343
-0.427648 -0.046430 0.902752 0.765848
0.000000 0.000000 0.000000 1.000000

0.857439 -0.336862 0.389001 -4.568247
0.284423 0.940229 0.187278 -0.116349
-0.428837 -0.049939 0.902000 0.810914
0.000000 0.000000 0.000000 1.000000

0.858234 -0.335472 0.388451 -4.584824
0.281866 0.940549 0.189524 -0.133970
-0.428937 -0.053164 0.901769 0.838253
0.000000 0.000000 0.000000 1.000000

0.860641 -0.330094 0.387730 -4.588584
0.275606 0.942225 0.190403 -0.139836
-0.428180 -0.057008 0.901893 0.874741
0.000000 0.000000 0.000000 1.000000

0.862652 -0.324575 0.387921 -4.577838
0.270113 0.944052 0.189219 -0.142581
-0.427634 -0.058447 0.902061 0.906327
0.000000 0.000000 0.000000 1.000000

0.860449 -0.326539 0.391152 -4.598179
0.272476 0.943556 0.188307 -0.160017
-0.430563 -0.055449 0.900856 0.937553
0.000000 0.000000 0.000000 1.000000

0.858626 -0.331499 0.390985 -4.595814
0.278059 0.941981 0.188030 -0.173558
-0.430632 -0.052731 0.900986 0.979323
0.000000 0.000000 0.000000 1.000000

0.858227 -0.334044 0.389694 -4.572202
0.281489 0.941194 0.186860 -0.190693
-0.429198 -0.050674 0.901788 1.023770
0.000000 0.000000 0.000000 1.000000

0.856156 -0.338548 0.390360 -4.556467
0.287546 0.939840 0.184438 -0.210169
-0.429317 -0.045661 0.901999 1.056236
0.000000 0.000000 0.000000 1.000000

0.853671 -0.341832 0.392933 -4.535930
0.292515 0.938916 0.181304 -0.209947
-0.430907 -0.039835 0.901517 1.085752
0.000000 0.000000 0.000000 1.000000

0.849714 -0.345167 0.398554 -4.525719
0.296732 0.937911 0.179644 -0.221157
-0.435816 -0.034382 0.899379 1.135228
0.000000 0.000000 0.000000 1.000000

0.847152 -0.346865 0.402516 -4.527602
0.299642 0.937451 0.177201 -0.229385
-0.438804 -0.029506 0.898098 1.182527
0.000000 0.000000 0.000000 1.000000

0.846642 -0.346777 0.403662 -4.505058
0.300069 0.937532 0.176046 -0.249306
-0.439494 -0.027921 0.897811 1.220885
0.000000 0.000000 0.000000 1.000000

0.846651 -0.344865 0.405277 -4.506594
0.298004 0.938232 0.175826 -0.263777
-0.440880 -0.028089 0.897127 1.254260
0.000000 0.000000 0.000000 1.000000

0.845681 -0.346120 0.406232 -4.489763
0.298991 0.937776 0.176580 -0.289358
-0.442073 -0.027870 0.896546 1.295710
0.000000 0.000000 0.000000 1.000000

0.845713 -0.344376 0.407646 -4.473927
0.300660 0.938608 0.169172 -0.262552
-0.440878 -0.020508 0.897333 1.336803
0.000000 0.000000 0.000000 1.000000

0.847311 -0.340748 0.407377 -4.473991
0.297546 0.939930 0.167326 -0.289953
-0.439922 -0.020564 0.897801 1.378232
0.000000 0.000000 0.000000 1.000000

0.849030 -0.336280 0.407509 -4.469261
0.294199 0.941563 0.164032 -0.317237
-0.438856 -0.019380 0.898348 1.408500
0.000000 0.000000 0.000000 1.000000

0.849224 -0.333561 0.409336 -4.459183
0.292612 0.942576 0.161025 -0.335395
-0.439542 -0.016970 0.898062 1.426063
0.000000 0.000000 0.000000 1.000000

0.849458 -0.328185 0.413178 -4.456541
0.288958 0.944520 0.156156 -0.337114
-0.441503 -0.013257 0.897162 1.452719
0.000000 0.000000 0.000000 1.000000

0.849417 -0.325623 0.415282 -4.465125
0.286532 0.945412 0.155227 -0.349021
-0.443159 -0.012861 0.896351 1.472661
0.000000 0.000000 0.000000 1.000000

0.849205 -0.325915 0.415488 -4.452202
0.285947 0.945287 0.157057 -0.380478
-0.443943 -0.014566 0.895937 1.500541
0.000000 0.000000 0.000000 1.000000

0.848524 -0.324413 0.418047 -4.458438
0.284548 0.945815 0.156415 -0.385997
-0.446138 -0.013767 0.894858 1.537628
0.000000 0.000000 0.000000 1.000000

0.848544 -0.322729 0.419308 -4.476230
0.283208 0.946402 0.155296 -0.394978
-0.446952 -0.013025 0.894463 1.568829
0.000000 0.000000 0.000000 1.000000

0.849257 -0.321886 0.418512 -4.486106
0.282370 0.946681 0.155118 -0.393633
-0.446128 -0.013560 0.894866 1.605040
0.000000 0.000000 0.000000 1.000000

0.848475 -0.328668 0.414809 -4.505059
0.289905 0.944376 0.155273 -0.393979
-0.442769 -0.011490 0.896562 1.633498
0.000000 0.000000 0.000000 1.000000

0.848404 -0.336424 0.408693 -4.489670
0.295112 0.941553 0.162439 -0.430309
-0.439455 -0.017204 0.898100 1.648248
0.000000 0.000000 0.000000 1.000000

0.847002 -0.335437 0.412395 -4.477193
0.291927 0.941836 0.166502 -0.464832
-0.444259 -0.020638 0.895661 1.680220
0.000000 0.000000 0.000000 1.000000

0.842577 -0.335508 0.421305 -4.496231
0.292303 0.941896 0.165501 -0.478545
-0.452353 -0.016299 0.891690 1.707393
0.000000 0.000000 0.000000 1.000000

0.839793 -0.334662 0.427492 -4.512956
0.291412 0.942232 0.165159 -0.490602
-0.458069 -0.014123 0.888805 1.729866
0.000000 0.000000 0.000000 1.000000

0.838040 -0.334520 0.431029 -4.521654
0.291105 0.942298 0.165326 -0.504223
-0.461463 -0.013075 0.887063 1.759011
0.000000 0.000000 0.000000 1.000000

0.835696 -0.336014 0.434404 -4.549696
0.292686 0.941792 0.165420 -0.525070
-0.464701 -0.011097 0.885398 1.798340
0.000000 0.000000 0.000000 1.000000

0.834194 -0.336480 0.436922 -4.573447
0.293410 0.941643 0.164980 -0.521408
-0.466937 -0.009428 0.884240 1.841558
0.000000 0.000000 0.000000 1.000000

0.833119 -0.337096 0.438497 -4.588143
0.293642 0.941423 0.165820 -0.531915
-0.468709 -0.009387 0.883303 1.854489
0.000000 0.000000 0.000000 1.000000

0.830290 -0.339473 0.442014 -4.596485
0.296600 0.940596 0.165251 -0.546313
-0.471855 -0.006105 0.881655 1.881285
0.000000 0.000000 0.000000 1.000000

0.826246 -0.343199 0.446690 -4.620019
0.299944 0.939255 0.166837 -0.568813
-0.476814 -0.003866 0.878996 1.903523
0.000000 0.000000 0.000000 1.000000

0.822575 -0.346278 0.451067 -4.626445
0.302550 0.938130 0.168453 -0.596535
-0.481491 -0.002095 0.876449 1.924490
0.000000 0.000000 0.000000 1.000000

0.817100 -0.351174 0.457191 -4.650693
0.308082 0.936305 0.168577 -0.614240
-0.487271 0.003108 0.873246 1.951062
0.000000 0.000000 0.000000 1.000000

0.813464 -0.356023 0.459918 -4.634927
0.314740 0.934432 0.166660 -0.601206
-0.489096 0.009183 0.872181 1.980494
0.000000 0.000000 0.000000 1.000000

0.805386 -0.363261 0.468397 -4.667052
0.321484 0.931584 0.169704 -0.650351
-0.497998 0.013905 0.867067 2.032210
0.000000 0.000000 0.000000 1.000000

0.800118 -0.365745 0.475438 -4.689852
0.325305 0.930501 0.168358 -0.665765
-0.503972 0.019956 0.863490 2.057691
0.000000 0.000000 0.000000 1.000000

0.794669 -0.370250 0.481057 -4.708547
0.330686 0.928590 0.168428 -0.680335
-0.509065 0.025234 0.860358 2.099717
0.000000 0.000000 0.000000 1.000000

0.791825 -0.374140 0.482734 -4.720723
0.335037 0.926949 0.168867 -0.704119
-0.510650 0.028021 0.859332 2.125928
0.000000 0.000000 0.000000 1.000000

0.789138 -0.376501 0.485292 -4.735583
0.338055 0.925898 0.168619 -0.726459
-0.512816 0.030992 0.857939 2.170164
0.000000 0.000000 0.000000 1.000000

0.787017 -0.378759 0.486975 -4.748868
0.340261 0.924931 0.169485 -0.763930
-0.514612 0.032311 0.856814 2.187246
0.000000 0.000000 0.000000 1.000000

0.783011 -0.380782 0.491832 -4.762782
0.342732 0.923976 0.169712 -0.794892
-0.519065 0.035681 0.853990 2.224081
0.000000 0.000000 0.000000 1.000000

0.778147 -0.382436 0.498226 -4.787125
0.345342 0.923098 0.169198 -0.828593
-0.524619 0.040398 0.850378 2.261296
0.000000 0.000000 0.000000 1.000000

0.776035 -0.385115 0.499456 -4.789029
0.347940 0.921928 0.170254 -0.880916
-0.526030 0.041658 0.849445 2.264498
0.000000 0.000000 0.000000 1.000000

0.773438 -0.385782 0.502957 -4.809556
0.350522 0.921414 0.167724 -0.896309
-0.528136 0.046573 0.847882 2.289797
0.000000 0.000000 0.000000 1.000000

0.769979 -0.387498 0.506929 -4.830935
0.353702 0.920447 0.166350 -0.937759
-0.531062 0.051215 0.845784 2.322224
0.000000 0.000000 0.000000 1.000000

0.768210 -0.386827 0.510115 -4.850057
0.356384 0.920329 0.161199 -0.961563
-0.531830 0.057962 0.844865 2.356512
0.000000 0.000000 0.000000 1.000000

0.765505 -0.383694 0.516509 -4.891026
0.359140 0.920857 0.151796 -1.027586
-0.533874 0.069298 0.842720 2.390387
0.000000 0.000000 0.000000 1.000000

0.763171 -0.381066 0.521879 -4.917685
0.359799 0.921431 0.146659 -1.042647
-0.536763 0.075845 0.840317 2.410372
0.000000 0.000000 0.000000 1.000000

0.758976 -0.379102 0.529375 -4.967758
0.361962 0.921476 0.140944 -1.102967
-0.541239 0.084640 0.836598 2.459818
0.000000 0.000000 0.000000 1.000000

0.757946 -0.378335 0.531395 -4.997949
0.363715 0.921352 0.137193 -1.128592
-0.541506 0.089291 0.835941 2.482700
0.000000 0.000000 0.000000 1.000000

0.757156 -0.376421 0.533875 -5.023441
0.362386 0.922030 0.136153 -1.168512
-0.543499 0.090379 0.834530 2.496748
0.000000 0.000000 0.000000 1.000000

0.755624 -0.373597 0.538013 -5.037659
0.361236 0.922869 0.133497 -1.198630
-0.546389 0.093477 0.832299 2.513554
0.000000 0.000000 0.000000 1.000000

0.754259 -0.369305 0.542870 -5.066695
0.359369 0.924180 0.129400 -1.223355
-0.549498 0.097489 0.829788 2.535657
0.000000 0.000000 0.000000 1.000000

0.752985 -0.365654 0.547093 -5.093958
0.357605 0.925300 0.126246 -1.260112
-0.552388 0.100582 0.827497 2.564519
0.000000 0.000000 0.000000 1.000000

0.752974 -0.361957 0.549561 -5.114050
0.356828 0.926278 0.121171 -1.282059
-0.552905 0.104860 0.826620 2.581706
0.000000 0.000000 0.000000 1.000000

0.751523 -0.360824 0.552285 -5.145037
0.360042 0.925828 0.114943 -1.339901
-0.552795 0.112464 0.825693 2.611829
0.000000 0.000000 0.000000 1.000000

0.751479 -0.359669 0.553099 -5.160000
0.361883 0.925679 0.110271 -1.362939
-0.551653 0.117291 0.825786 2.611388
0.000000 0.000000 0.000000 1.000000

0.748595 -0.355738 0.559514 -5.198410
0.365615 0.925461 0.099237 -1.409633
-0.553110 0.130278 0.822859 2.626431
0.000000 0.000000 0.000000 1.000000

0.747876 -0.353806 0.561697 -5.212913
0.367711 0.925257 0.093216 -1.436770
-0.552694 0.136828 0.822075 2.642312
0.000000 0.000000 0.000000 1.000000

0.749864 -0.350072 0.561385 -5.257254
0.372609 0.924630 0.078878 -1.491631
-0.546686 0.150030 0.823787 2.648969
0.000000 0.000000 0.000000 1.000000

0.750103 -0.349332 0.561527 -5.275891
0.376673 0.923590 0.071406 -1.515214
-0.543565 0.157951 0.824372 2.657574
0.000000 0.000000 0.000000 1.000000

0.753516 -0.342716 0.561034 -5.321072
0.376386 0.924565 0.059266 -1.566685
-0.539024 0.166507 0.825668 2.644195
0.000000 0.000000 0.000000 1.000000

0.754386 -0.338885 0.562191 -5.344773
0.375629 0.925215 0.053669 -1.598689
-0.538335 0.170687 0.825264 2.639117
0.000000 0.000000 0.000000 1.000000

0.755007 -0.335001 0.563683 -5.365395
0.376264 0.925371 0.045980 -1.617362
-0.537019 0.177379 0.824710 2.643451
0.000000 0.000000 0.000000 1.000000

0.756862 -0.329252 0.564583 -5.398227
0.374112 0.926570 0.038832 -1.640414
-0.535911 0.181827 0.824462 2.640041
0.000000 0.000000 0.000000 1.000000

0.759735 -0.321080 0.565430 -5.430228
0.370516 0.928363 0.029332 -1.661141
-0.534342 0.187216 0.824275 2.633229
0.000000 0.000000 0.000000 1.000000

0.764165 -0.303285 0.569271 -5.507470
0.362590 0.931898 0.009752 -1.720037
-0.533460 0.198961 0.822092 2.617040
0.000000 0.000000 0.000000 1.000000

0.766493 -0.297002 0.569454 -5.546448
0.360962 0.932580 0.000533 -1.748248
-0.531220 0.205143 0.822023 2.585503
0.000000 0.000000 0.000000 1.000000

0.767658 -0.288638 0.572180 -5.634293
0.362082 0.932015 -0.015624 -1.776724
-0.528771 0.219170 0.819979 2.550464
0.000000 0.000000 0.000000 1.000000

0.768637 -0.283873 0.573249 -5.662036
0.361401 0.932127 -0.022992 -1.761907
-0.527814 0.224845 0.819059 2.517063
0.000000 0.000000 0.000000 1.000000

0.766919 -0.281706 0.576608 -5.706763
0.362288 0.931684 -0.026681 -1.771120
-0.529700 0.229360 0.816585 2.503138
0.000000 0.000000 0.000000 1.000000

0.767478 -0.279394 0.576989 -5.745843
0.362489 0.931469 -0.031120 -1.763699
-0.528752 0.233035 0.816159 2.466850
0.000000 0.000000 0.000000 1.000000

0.766381 -0.280089 0.578109 -5.802649
0.364468 0.930657 -0.032268 -1.759137
-0.528982 0.235432 0.815322 2.455792
0.000000 0.000000 0.000000 1.000000

0.767400 -0.282228 0.575713 -5.893998
0.369412 0.928520 -0.037228 -1.762856
-0.524054 0.241244 0.816804 2.457823
0.000000 0.000000 0.000000 1.000000

0.770575 -0.280289 0.572409 -5.919608
0.368313 0.928796 -0.041023 -1.745828
-0.520154 0.242437 0.818941 2.445099
0.000000 0.000000 0.000000 1.000000

0.771088 -0.279287 0.572209 -5.951216
0.368470 0.928631 -0.043285 -1.749229
-0.519282 0.244218 0.818965 2.427402
0.000000 0.000000 0.000000 1.000000

0.768797 -0.280527 0.574679 -6.002654
0.372524 0.926887 -0.045901 -1.743215
-0.519786 0.249370 0.817091 2.427608
0.000000 0.000000 0.000000 1.000000

0.767223 -0.285660 0.574253 -6.043813
0.378528 0.924453 -0.045862 -1.724863
-0.517769 0.252557 0.817392 2.426566
0.000000 0.000000 0.000000 1.000000

0.764701 -0.292375 0.574238 -6.083220
0.385347 0.921729 -0.043858 -1.708269
-0.516468 0.254819 0.817513 2.447551
0.000000 0.000000 0.000000 1.000000

0.764887 -0.297690 0.571253 -6.122233
0.389271 0.920179 -0.041699 -1.697739
-0.513241 0.254267 0.819714 2.454535
0.000000 0.000000 0.000000 1.000000

0.766958 -0.297237 0.568705 -6.160303
0.385367 0.921988 -0.037825 -1.699921
-0.513096 0.248171 0.821671 2.468600
0.000000 0.000000 0.000000 1.000000

0.768724 -0.295232 0.567363 -6.179368
0.380150 0.924296 -0.034104 -1.709699
-0.514343 0.241900 0.822761 2.458917
0.000000 0.000000 0.000000 1.000000

0.767675 -0.292695 0.570092 -6.211184
0.377392 0.925464 -0.033040 -1.700584
-0.517928 0.240512 0.820917 2.457461
0.000000 0.000000 0.000000 1.000000

0.765353 -0.293078 0.573009 -6.247918
0.377501 0.925495 -0.030853 -1.691548
-0.521275 0.239925 0.818968 2.464613
0.000000 0.000000 0.000000 1.000000

0.762654 -0.295497 0.575361 -6.292647
0.379465 0.924781 -0.028036 -1.689629
-0.523798 0.239711 0.817419 2.487517
0.000000 0.000000 0.000000 1.000000

0.762668 -0.296646 0.574751 -6.328708
0.379296 0.924912 -0.025934 -1.686473
-0.523900 0.237780 0.817917 2.492376
0.000000 0.000000 0.000000 1.000000

0.762837 -0.295408 0.575165 -6.392927
0.373771 0.927317 -0.019454 -1.703603
-0.527613 0.229820 0.817806 2.488737
0.000000 0.000000 0.000000 1.000000

0.760959 -0.294398 0.578162 -6.426033
0.373100 0.927602 -0.018731 -1.710209
-0.530790 0.229965 0.815707 2.490165
0.000000 0.000000 0.000000 1.000000

0.757360 -0.292240 0.583953 -6.505551
0.372554 0.927819 -0.018858 -1.717539
-0.536292 0.231837 0.811568 2.507790
0.000000 0.000000 0.000000 1.000000

0.756570 -0.294315 0.583936 -6.523424
0.374229 0.927170 -0.017554 -1.719075
-0.536242 0.231807 0.811610 2.488194
0.000000 0.000000 0.000000 1.000000

0.754630 -0.295525 0.585831 -6.545976
0.374323 0.927186 -0.014456 -1.723629
-0.538902 0.230199 0.810304 2.485723
0.000000 0.000000 0.000000 1.000000

0.749761 -0.298611 0.590500 -6.579142
0.376789 0.926245 -0.010017 -1.726267
-0.543956 0.230004 0.806976 2.491467
0.000000 0.000000 0.000000 1.000000

0.743172 -0.303600 0.596257 -6.613525
0.381954 0.924165 -0.005503 -1.724732
-0.549369 0.231832 0.802775 2.509658
0.000000 0.000000 0.000000 1.000000

0.737737 -0.309001 0.600218 -6.653086
0.385541 0.922690 0.001141 -1.724677
-0.554168 0.230567 0.799835 2.521383
0.000000 0.000000 0.000000 1.000000

0.731370 -0.315639 0.604541 -6.684388
0.389378 0.921026 0.009813 -1.725034
-0.559895 0.228218 0.796514 2.534868
0.000000 0.000000 0.000000 1.000000

0.722322 -0.324534 0.610678 -6.712542
0.397300 0.917519 0.017666 -1.718491
-0.566042 0.229862 0.791682 2.546758
0.000000 0.000000 0.000000 1.000000

0.701032 -0.347147 0.622932 -6.790699
0.419760 0.907032 0.033083 -1.714777
-0.576503 0.238290 0.781576 2.615086
0.000000 0.000000 0.000000 1.000000

0.691506 -0.361506 0.625406 -6.821155
0.432088 0.900808 0.042942 -1.726164
-0.578895 0.240536 0.779117 2.637200
0.000000 0.000000 0.000000 1.000000

