0.999995 -0.002737 0.001540 0.005080
0.002744 0.999987 -0.004205 -0.003676
-0.001529 0.004209 0.999990 0.012836
0.000000 0.000000 0.000000 1.000000

0.999976 -0.002781 0.006387 -0.013938
0.002810 0.999986 -0.004395 -0.006249
-0.006375 0.004413 0.999970 0.016424
0.000000 0.000000 0.000000 1.000000

0.999977 -0.005718 0.003706 -0.029089
0.005735 0.999972 -0.004728 -0.003329
-0.003679 0.004749 0.999982 0.012620
0.000000 0.000000 0.000000 1.000000

0.999982 -0.005426 -0.002635 -0.019281
0.005417 0.999978 -0.003707 -0.003245
0.002655 0.003693 0.999990 0.004877
0.000000 0.000000 0.000000 1.000000

0.999976 -0.004976 -0.004815 -0.023254
0.004966 0.999985 -0.002090 0.009071
0.004825 0.002066 0.999986 0.014758
0.000000 0.000000 0.000000 1.000000

0.999991 -0.001420 -0.003908 -0.016067
0.001421 0.999999 0.000295 0.000398
0.003907 -0.000301 0.999992 -0.001126
0.000000 0.000000 0.000000 1.000000

0.999992 -0.003388 -0.001976 -0.011491
0.003393 0.999991 0.002549 -0.001187
0.001967 -0.002556 0.999995 0.016564
0.000000 0.000000 0.000000 1.000000

0.999999 -0.001636 0.000328 -0.029843
0.001635 0.999988 0.004629 -0.005409
-0.000335 -0.004629 0.999989 0.009409
0.000000 0.000000 0.000000 1.000000

0.999999 -0.000995 0.001163 -0.009941
0.000990 0.999993 0.003723 -0.014854
-0.001167 -0.003722 0.999992 0.015973
0.000000 0.000000 0.000000 1.000000

0.999993 0.000245 0.003742 -0.015884
-0.000245 1.000000 0.000182 -0.004177
-0.003742 -0.000183 0.999993 0.015512
0.000000 0.000000 0.000000 1.000000

0.999996 0.001531 0.002393 -0.011905
-0.001527 0.999998 -0.001368 0.014941
-0.002395 0.001365 0.999996 0.013079
0.000000 0.000000 0.000000 1.000000

0.999988 0.000306 0.004787 -0.044760
-0.000338 0.999978 0.006584 -0.015442
-0.004785 -0.006585 0.999967 0.006127
0.000000 0.000000 0.000000 1.000000

0.999990 -0.000576 0.004360 -0.056223
0.000554 0.999988 0.004926 0.002701
-0.004363 -0.004924 0.999978 0.014511
0.000000 0.000000 0.000000 1.000000

0.999999 -0.001345 -0.000575 -0.024495
0.001349 0.999968 0.007878 0.001418
0.000564 -0.007879 0.999969 0.012548
0.000000 0.000000 0.000000 1.000000

0.999993 -0.001942 -0.003113 -0.022676
0.001963 0.999975 0.006793 -0.005161
0.003100 -0.006799 0.999972 0.008708
0.000000 0.000000 0.000000 1.000000

0.999997 -0.001819 -0.001900 -0.044372
0.001833 0.999973 0.007127 -0.000345
0.001887 -0.007130 0.999973 0.009522
0.000000 0.000000 0.000000 1.000000

0.999993 -0.003078 -0.002057 -0.028741
0.003093 0.999970 0.007101 -0.016523
0.002035 -0.007107 0.999973 0.018742
0.000000 0.000000 0.000000 1.000000

0.999989 -0.004571 -0.000368 -0.026675
0.004572 0.999989 0.001035 -0.016804
0.000363 -0.001036 0.999999 0.012348
0.000000 0.000000 0.000000 1.000000

0.999989 -0.001635 0.004397 -0.033833
0.001653 0.999990 -0.004186 0.000484
-0.004390 0.004193 0.999982 0.007403
0.000000 0.000000 0.000000 1.000000

0.999973 0.000361 0.007334 -0.038949
-0.000354 1.000000 -0.000931 0.007818
-0.007335 0.000929 0.999973 0.018928
0.000000 0.000000 0.000000 1.000000

0.999941 -0.001125 0.010833 -0.066040
0.001135 0.999999 -0.000848 0.005909
-0.010832 0.000860 0.999941 0.015327
0.000000 0.000000 0.000000 1.000000

0.999953 -0.005398 0.008071 -0.055766
0.005399 0.999985 -0.000113 -0.007777
-0.008070 0.000156 0.999967 0.007537
0.000000 0.000000 0.000000 1.000000

0.999983 -0.003553 0.004554 -0.043535
0.003540 0.999990 0.002788 0.009689
-0.004564 -0.002772 0.999986 0.014719
0.000000 0.000000 0.000000 1.000000

0.999968 -0.005977 0.005326 -0.049018
0.005945 0.999964 0.006021 -0.018395
-0.005362 -0.005989 0.999968 0.012984
0.000000 0.000000 0.000000 1.000000

0.999990 -0.004193 0.001797 -0.027200
0.004185 0.999981 0.004538 -0.033358
-0.001816 -0.004530 0.999988 0.027458
0.000000 0.000000 0.000000 1.000000

0.999987 -0.004585 0.002335 -0.044807
0.004586 0.999989 -0.000280 -0.016662
-0.002333 0.000291 0.999997 0.021988
0.000000 0.000000 0.000000 1.000000

0.999985 -0.001935 0.005133 -0.048011
0.001941 0.999998 -0.001026 -0.027777
-0.005131 0.001036 0.999986 0.019151
0.000000 0.000000 0.000000 1.000000

0.999968 -0.002783 0.007494 -0.032689
0.002811 0.999989 -0.003780 -0.022657
-0.007483 0.003801 0.999965 0.019154
0.000000 0.000000 0.000000 1.000000

0.999935 -0.001443 0.011333 -0.061480
0.001511 0.999981 -0.005998 -0.019386
-0.011324 0.006015 0.999918 0.007352
0.000000 0.000000 0.000000 1.000000

0.999988 0.001792 0.004606 -0.027969
-0.001740 0.999936 -0.011157 0.058663
-0.004626 0.011149 0.999927 0.005814
0.000000 0.000000 0.000000 1.000000

0.999981 -0.001846 0.005823 -0.061863
0.001839 0.999998 0.001078 -0.023190
-0.005825 -0.001068 0.999982 0.011781
0.000000 0.000000 0.000000 1.000000

0.999991 -0.001684 0.003764 -0.055882
0.001691 0.999997 -0.001793 -0.028972
-0.003761 0.001799 0.999991 0.008975
0.000000 0.000000 0.000000 1.000000

0.999994 0.003295 0.000547 -0.026422
-0.003290 0.999959 -0.008426 -0.016637
-0.000575 0.008425 0.999964 0.014555
0.000000 0.000000 0.000000 1.000000

0.999973 0.005495 0.004798 -0.037367
-0.005442 0.999925 -0.010965 0.003030
-0.004858 0.010938 0.999928 0.010353
0.000000 0.000000 0.000000 1.000000

0.999986 0.003835 0.003613 -0.036898
-0.003800 0.999945 -0.009742 0.000150
-0.003650 0.009728 0.999946 0.007422
0.000000 0.000000 0.000000 1.000000

0.999996 0.002873 0.000602 -0.030915
-0.002869 0.999974 -0.006585 0.002247
-0.000621 0.006583 0.999978 0.011741
0.000000 0.000000 0.000000 1.000000

0.999997 -0.001834 -0.001479 -0.021636
0.001830 0.999995 -0.002551 0.004438
0.001484 0.002548 0.999996 0.013445
0.000000 0.000000 0.000000 1.000000

0.999989 -0.004493 -0.001607 -0.023489
0.004497 0.999987 0.002583 -0.007486
0.001595 -0.002590 0.999995 0.011739
0.000000 0.000000 0.000000 1.000000

0.999991 -0.002695 -0.003246 -0.033467
0.002700 0.999995 0.001368 -0.006503
0.003242 -0.001376 0.999994 0.019092
0.000000 0.000000 0.000000 1.000000

0.999966 -0.002526 -0.007846 0.004751
0.002565 0.999985 0.004911 -0.020986
0.007834 -0.004931 0.999957 0.015495
0.000000 0.000000 0.000000 1.000000

0.999987 -0.002932 -0.004153 -0.010514
0.002951 0.999985 0.004559 -0.030292
0.004140 -0.004571 0.999981 0.015910
0.000000 0.000000 0.000000 1.000000

0.999990 -0.000242 -0.004459 -0.018337
0.000242 1.000000 -0.000085 -0.019217
0.004459 0.000084 0.999990 0.021928
0.000000 0.000000 0.000000 1.000000

0.999978 0.001931 -0.006316 -0.011008
-0.001951 0.999993 -0.003170 -0.014646
0.006310 0.003182 0.999975 0.020794
0.000000 0.000000 0.000000 1.000000

0.999982 0.001118 -0.005866 0.008182
-0.001160 0.999973 -0.007233 0.017746
0.005857 0.007239 0.999957 0.015714
0.000000 0.000000 0.000000 1.000000

0.999988 -0.002480 -0.004106 -0.019627
0.002459 0.999984 -0.005074 -0.013666
0.004119 0.005064 0.999979 0.021369
0.000000 0.000000 0.000000 1.000000

0.999969 -0.001690 -0.007741 -0.000610
0.001652 0.999987 -0.004872 -0.001047
0.007749 0.004859 0.999958 0.030193
0.000000 0.000000 0.000000 1.000000

0.999974 0.001497 -0.007035 -0.007141
-0.001497 0.999999 -0.000015 -0.004185
0.007035 0.000026 0.999975 0.023470
0.000000 0.000000 0.000000 1.000000

0.999975 0.000427 -0.007017 0.003197
-0.000433 1.000000 -0.000842 0.005599
0.007016 0.000845 0.999975 0.032098
0.000000 0.000000 0.000000 1.000000

0.999985 0.000558 -0.005386 -0.001624
-0.000556 1.000000 0.000285 -0.038606
0.005386 -0.000282 0.999985 0.047968
0.000000 0.000000 0.000000 1.000000

0.999961 0.005903 -0.006534 0.000217
-0.005922 0.999978 -0.002848 -0.024103
0.006517 0.002887 0.999975 0.028823
0.000000 0.000000 0.000000 1.000000

0.999946 0.008132 -0.006481 0.007879
-0.008155 0.999960 -0.003554 -0.037530
0.006452 0.003607 0.999973 0.028153
0.000000 0.000000 0.000000 1.000000

0.999986 0.000477 -0.005223 0.017064
-0.000520 0.999966 -0.008185 -0.022547
0.005219 0.008188 0.999953 0.021453
0.000000 0.000000 0.000000 1.000000

0.999995 -0.002902 -0.001012 0.000686
0.002898 0.999989 -0.003590 -0.026286
0.001022 0.003587 0.999993 0.011995
0.000000 0.000000 0.000000 1.000000

0.999996 -0.002330 0.001530 -0.020585
0.002332 0.999997 -0.001247 -0.055077
-0.001527 0.001251 0.999998 0.007154
0.000000 0.000000 0.000000 1.000000

0.999994 -0.000888 -0.003412 0.003457
0.000860 0.999966 -0.008201 -0.022042
0.003420 0.008198 0.999961 0.027341
0.000000 0.000000 0.000000 1.000000

0.999987 0.001237 -0.004984 0.011923
-0.001270 0.999977 -0.006625 -0.028817
0.004976 0.006631 0.999966 0.028140
0.000000 0.000000 0.000000 1.000000

0.999991 0.002912 -0.003243 -0.011854
-0.002934 0.999972 -0.006927 -0.034411
0.003223 0.006937 0.999971 0.029920
0.000000 0.000000 0.000000 1.000000

0.999956 0.006507 -0.006710 0.006736
-0.006557 0.999950 -0.007536 -0.042105
0.006661 0.007580 0.999949 0.012398
0.000000 0.000000 0.000000 1.000000

0.999986 0.003758 -0.003736 -0.005214
-0.003800 0.999927 -0.011487 -0.015126
0.003692 0.011501 0.999927 0.011717
0.000000 0.000000 0.000000 1.000000

0.999999 -0.000959 -0.000429 0.002110
0.000955 0.999953 -0.009654 -0.022985
0.000438 0.009653 0.999953 0.013247
0.000000 0.000000 0.000000 1.000000

0.999996 -0.002165 0.001847 -0.028281
0.002181 0.999957 -0.009017 -0.002314
-0.001827 0.009021 0.999958 0.017562
0.000000 0.000000 0.000000 1.000000

0.999995 -0.002706 -0.001651 -0.018207
0.002701 0.999992 -0.002938 -0.024656
0.001659 0.002934 0.999994 0.013803
0.000000 0.000000 0.000000 1.000000

0.999977 -0.002844 -0.006106 -0.014444
0.002821 0.999989 -0.003730 -0.016011
0.006117 0.003713 0.999974 0.017507
0.000000 0.000000 0.000000 1.000000

0.999958 0.000525 -0.009111 0.005741
-0.000546 0.999997 -0.002339 -0.006982
0.009110 0.002344 0.999956 0.020132
0.000000 0.000000 0.000000 1.000000

0.999979 -0.000451 -0.006537 0.007476
0.000433 0.999996 -0.002771 0.000570
0.006538 0.002768 0.999975 0.019219
0.000000 0.000000 0.000000 1.000000

0.999996 -0.001907 -0.002001 -0.010373
0.001908 0.999998 0.000723 -0.008460
0.002000 -0.000727 0.999998 0.020052
0.000000 0.000000 0.000000 1.000000

0.999999 -0.001018 0.000296 -0.023827
0.001017 0.999995 0.002988 -0.020418
-0.000299 -0.002987 0.999995 0.009765
0.000000 0.000000 0.000000 1.000000

0.999997 -0.000842 0.002236 -0.029838
0.000844 0.999999 -0.000806 0.004350
-0.002235 0.000808 0.999997 0.021573
0.000000 0.000000 0.000000 1.000000

0.999998 0.001815 0.000722 -0.018834
-0.001816 0.999998 0.001255 -0.008888
-0.000720 -0.001256 0.999999 0.016643
0.000000 0.000000 0.000000 1.000000

0.999994 0.003149 0.001635 -0.031210
-0.003152 0.999994 0.001498 -0.004061
-0.001630 -0.001504 0.999998 0.023987
0.000000 0.000000 0.000000 1.000000

0.999993 0.001960 0.003288 -0.046689
-0.001971 0.999992 0.003461 -0.013781
-0.003281 -0.003468 0.999989 -0.015438
0.000000 0.000000 0.000000 1.000000

0.999998 0.001112 0.001464 -0.018638
-0.001117 0.999995 0.002988 -0.002814
-0.001461 -0.002990 0.999994 0.011492
0.000000 0.000000 0.000000 1.000000

0.999993 -0.000594 0.003683 -0.032418
0.000584 0.999996 0.002592 -0.004043
-0.003684 -0.002590 0.999990 0.007979
0.000000 0.000000 0.000000 1.000000

0.999992 -0.000456 0.004054 -0.036815
0.000443 0.999995 0.003231 -0.005846
-0.004055 -0.003229 0.999987 0.015075
0.000000 0.000000 0.000000 1.000000

0.999977 -0.002942 0.006141 -0.047307
0.002925 0.999992 0.002774 -0.005458
-0.006149 -0.002756 0.999977 0.011083
0.000000 0.000000 0.000000 1.000000

0.999966 -0.005671 0.005944 -0.048498
0.005664 0.999983 0.001283 0.006678
-0.005951 -0.001249 0.999982 0.011923
0.000000 0.000000 0.000000 1.000000

0.999980 -0.005000 0.003981 -0.050548
0.004985 0.999980 0.003832 -0.005619
-0.004000 -0.003812 0.999985 0.005765
0.000000 0.000000 0.000000 1.000000

0.999982 -0.005137 0.002955 -0.031913
0.005129 0.999982 0.002950 0.005647
-0.002970 -0.002935 0.999991 -0.013292
0.000000 0.000000 0.000000 1.000000

0.999974 -0.005393 0.004779 -0.043909
0.005374 0.999978 0.003875 -0.010141
-0.004799 -0.003849 0.999981 0.008678
0.000000 0.000000 0.000000 1.000000

0.999945 -0.007442 0.007391 -0.050003
0.007430 0.999971 0.001620 -0.010051
-0.007403 -0.001565 0.999971 0.005676
0.000000 0.000000 0.000000 1.000000

0.999923 -0.006830 0.010359 -0.073903
0.006828 0.999977 0.000238 -0.004966
-0.010360 -0.000167 0.999946 -0.001020
0.000000 0.000000 0.000000 1.000000

0.999951 -0.004478 0.008853 -0.062934
0.004468 0.999989 0.001178 -0.011773
-0.008858 -0.001138 0.999960 -0.000021
0.000000 0.000000 0.000000 1.000000

0.999783 -0.011229 0.017526 -0.125634
0.011247 0.999936 -0.000889 0.009278
-0.017515 0.001086 0.999846 0.008145
0.000000 0.000000 0.000000 1.000000

0.999935 -0.006686 0.009183 -0.060039
0.006678 0.999977 0.000899 0.023322
-0.009189 -0.000838 0.999957 0.006519
0.000000 0.000000 0.000000 1.000000

0.999925 -0.007254 0.009837 -0.052954
0.007211 0.999964 0.004423 -0.011265
-0.009869 -0.004351 0.999942 0.021516
0.000000 0.000000 0.000000 1.000000

0.999921 -0.007009 0.010462 -0.059101
0.006984 0.999973 0.002436 -0.006194
-0.010478 -0.002363 0.999942 0.001032
0.000000 0.000000 0.000000 1.000000

0.999953 -0.006731 0.006949 -0.054569
0.006711 0.999973 0.002957 -0.005460
-0.006968 -0.002910 0.999971 0.000230
0.000000 0.000000 0.000000 1.000000

0.999970 -0.003415 0.006985 -0.072713
0.003394 0.999990 0.003004 -0.021765
-0.006995 -0.002980 0.999971 -0.021617
0.000000 0.000000 0.000000 1.000000

0.999987 -0.004833 0.001445 -0.023093
0.004835 0.999987 -0.001749 0.009420
-0.001437 0.001756 0.999997 0.009811
0.000000 0.000000 0.000000 1.000000

0.999991 -0.001661 0.003843 -0.054916
0.001662 0.999999 -0.000093 -0.005446
-0.003843 0.000100 0.999993 0.002487
0.000000 0.000000 0.000000 1.000000

0.999992 -0.000200 0.003913 -0.036190
0.000201 1.000000 -0.000161 -0.012965
-0.003913 0.000162 0.999992 0.003614
0.000000 0.000000 0.000000 1.000000

0.999983 0.000683 0.005845 -0.043294
-0.000682 1.000000 -0.000194 -0.003749
-0.005845 0.000190 0.999983 0.006956
0.000000 0.000000 0.000000 1.000000

0.999986 -0.000905 0.005292 -0.039528
0.000908 0.999999 -0.000714 0.005090
-0.005292 0.000719 0.999986 0.013535
0.000000 0.000000 0.000000 1.000000

0.999984 -0.003080 0.004712 -0.044557
0.003073 0.999994 0.001572 -0.000726
-0.004717 -0.001557 0.999988 0.013650
0.000000 0.000000 0.000000 1.000000

0.999996 -0.002210 0.001734 -0.038147
0.002207 0.999996 0.001657 -0.003807
-0.001737 -0.001653 0.999997 -0.003661
0.000000 0.000000 0.000000 1.000000

0.999998 -0.000247 0.001727 -0.033430
0.000246 1.000000 0.000741 -0.008569
-0.001728 -0.000741 0.999998 0.000480
0.000000 0.000000 0.000000 1.000000

0.999999 -0.000069 0.001161 -0.012606
0.000069 1.000000 0.000136 -0.000619
-0.001161 -0.000136 0.999999 -0.004834
0.000000 0.000000 0.000000 1.000000

0.999999 -0.000159 0.001134 -0.010013
0.000159 1.000000 0.000247 -0.002701
-0.001134 -0.000247 0.999999 -0.000177
0.000000 0.000000 0.000000 1.000000

0.999998 -0.001276 0.001818 -0.017535
0.001279 0.999998 -0.001615 -0.005185
-0.001816 0.001617 0.999997 -0.001638
0.000000 0.000000 0.000000 1.000000

0.999995 -0.001784 0.002481 -0.026111
0.001797 0.999984 -0.005286 0.012234
-0.002472 0.005290 0.999983 0.007635
0.000000 0.000000 0.000000 1.000000

0.999998 -0.000128 0.002224 -0.027785
0.000136 0.999994 -0.003473 0.005679
-0.002224 0.003473 0.999991 -0.013930
0.000000 0.000000 0.000000 1.000000

1.000000 0.000755 0.000352 -0.009320
-0.000754 0.999998 -0.001624 -0.011106
-0.000353 0.001624 0.999999 -0.018383
0.000000 0.000000 0.000000 1.000000

1.000000 -0.000505 -0.000612 -0.049975
0.000502 0.999987 -0.005009 0.027681
0.000615 0.005008 0.999987 -0.005839
0.000000 0.000000 0.000000 1.000000

0.999989 0.003832 -0.002610 -0.009164
-0.003830 0.999992 0.001099 0.021641
0.002614 -0.001089 0.999996 -0.000785
0.000000 0.000000 0.000000 1.000000

0.999984 0.005544 0.000987 -0.011017
-0.005549 0.999968 0.005715 -0.000855
-0.000955 -0.005720 0.999983 -0.014036
0.000000 0.000000 0.000000 1.000000

0.999950 0.009262 0.003803 -0.043204
-0.009274 0.999952 0.003061 0.009411
-0.003775 -0.003097 0.999988 -0.007083
0.000000 0.000000 0.000000 1.000000

0.999992 0.003890 -0.000224 -0.002923
-0.003890 0.999992 -0.000058 0.006910
0.000224 0.000059 1.000000 -0.012309
0.000000 0.000000 0.000000 1.000000

0.999998 0.001238 0.001314 -0.025080
-0.001237 0.999999 -0.000880 0.012318
-0.001315 0.000878 0.999999 -0.015018
0.000000 0.000000 0.000000 1.000000

0.999999 -0.000808 -0.001381 -0.010495
0.000810 0.999999 0.001267 0.016964
0.001380 -0.001268 0.999998 -0.015628
0.000000 0.000000 0.000000 1.000000

0.999998 -0.001768 0.000005 -0.009845
0.001768 0.999992 0.003498 0.003675
-0.000011 -0.003498 0.999994 -0.028577
0.000000 0.000000 0.000000 1.000000

0.999999 -0.001438 0.000041 -0.004948
0.001438 0.999996 0.002472 0.013043
-0.000044 -0.002472 0.999997 -0.014001
0.000000 0.000000 0.000000 1.000000

0.999991 -0.004178 -0.000245 -0.004161
0.004178 0.999991 0.001040 0.005790
0.000240 -0.001041 0.999999 -0.015565
0.000000 0.000000 0.000000 1.000000

0.999977 -0.006732 0.001274 -0.020484
0.006737 0.999971 -0.003465 0.026432
-0.001251 0.003474 0.999993 -0.047444
0.000000 0.000000 0.000000 1.000000

0.999999 -0.000047 0.001501 0.000652
0.000056 0.999983 -0.005758 0.037575
-0.001500 0.005758 0.999982 -0.029962
0.000000 0.000000 0.000000 1.000000

0.999992 -0.001632 0.003623 -0.010319
0.001648 0.999988 -0.004534 0.027588
-0.003615 0.004540 0.999983 -0.037459
0.000000 0.000000 0.000000 1.000000

0.999991 -0.001039 0.004022 -0.014291
0.001056 0.999991 -0.004093 0.039382
-0.004018 0.004097 0.999984 -0.027975
0.000000 0.000000 0.000000 1.000000

0.999996 -0.001440 0.002268 -0.005094
0.001436 0.999998 0.001546 0.036085
-0.002270 -0.001543 0.999996 -0.023589
0.000000 0.000000 0.000000 1.000000

0.999985 -0.005386 0.000932 0.004609
0.005383 0.999981 0.003162 0.038814
-0.000949 -0.003157 0.999995 -0.011506
0.000000 0.000000 0.000000 1.000000

0.999982 -0.006072 0.000337 -0.011752
0.006070 0.999963 0.006175 0.037740
-0.000374 -0.006172 0.999981 -0.030144
0.000000 0.000000 0.000000 1.000000

1.000000 -0.000470 -0.000632 0.005708
0.000475 0.999964 0.008476 0.028460
0.000628 -0.008476 0.999964 -0.021756
0.000000 0.000000 0.000000 1.000000

0.999981 0.000699 0.006127 -0.011785
-0.000783 0.999905 0.013729 0.030925
-0.006117 -0.013734 0.999887 -0.054009
0.000000 0.000000 0.000000 1.000000

0.999992 0.001928 0.003404 -0.001866
-0.001931 0.999998 0.000989 0.012981
-0.003402 -0.000996 0.999994 -0.028485
0.000000 0.000000 0.000000 1.000000

0.999979 -0.000461 0.006444 -0.021674
0.000446 0.999997 0.002332 0.047137
-0.006445 -0.002329 0.999977 -0.061679
0.000000 0.000000 0.000000 1.000000

0.999997 -0.002141 0.001387 -0.026357
0.002138 0.999995 0.002225 0.007188
-0.001392 -0.002222 0.999997 -0.025792
0.000000 0.000000 0.000000 1.000000

0.999996 0.002589 0.001222 -0.008693
-0.002589 0.999997 -0.000148 0.023534
-0.001223 0.000145 0.999999 -0.042374
0.000000 0.000000 0.000000 1.000000

0.999996 0.001615 0.002106 0.011035
-0.001612 0.999997 -0.001586 0.009536
-0.002108 0.001583 0.999997 -0.020394
0.000000 0.000000 0.000000 1.000000

0.999987 0.001545 0.004944 -0.009179
-0.001532 0.999995 -0.002579 0.021461
-0.004948 0.002572 0.999984 -0.017532
0.000000 0.000000 0.000000 1.000000

0.999922 -0.007592 0.009908 -0.027032
0.007574 0.999970 0.001844 0.040559
-0.009921 -0.001769 0.999949 -0.039094
0.000000 0.000000 0.000000 1.000000

0.999975 -0.006208 0.003392 -0.015828
0.006199 0.999977 0.002747 0.027738
-0.003409 -0.002726 0.999990 -0.019873
0.000000 0.000000 0.000000 1.000000

0.999970 -0.005549 0.005418 -0.020809
0.005525 0.999975 0.004435 0.021578
-0.005443 -0.004405 0.999975 -0.027144
0.000000 0.000000 0.000000 1.000000

0.999964 -0.006054 0.005953 -0.012210
0.006025 0.999970 0.004936 0.016206
-0.005983 -0.004900 0.999970 -0.026167
0.000000 0.000000 0.000000 1.000000

0.999967 -0.003943 0.007113 -0.013834
0.003917 0.999985 0.003698 0.025475
-0.007128 -0.003670 0.999968 -0.014754
0.000000 0.000000 0.000000 1.000000

0.999960 -0.001609 0.008769 -0.026978
0.001576 0.999992 0.003788 0.029317
-0.008775 -0.003774 0.999954 -0.021192
0.000000 0.000000 0.000000 1.000000

0.999961 -0.002932 0.008336 -0.025252
0.002889 0.999982 0.005257 0.027331
-0.008351 -0.005233 0.999951 -0.023695
0.000000 0.000000 0.000000 1.000000

0.999957 -0.003146 0.008730 -0.025524
0.003081 0.999967 0.007467 0.007452
-0.008753 -0.007440 0.999934 -0.036443
0.000000 0.000000 0.000000 1.000000

0.999687 -0.013119 0.021292 -0.041376
0.012936 0.999879 0.008671 0.051296
-0.021404 -0.008393 0.999736 -0.044222
0.000000 0.000000 0.000000 1.000000

0.999903 -0.007780 0.011544 -0.019269
0.007724 0.999958 0.004939 0.018542
-0.011582 -0.004850 0.999921 -0.013539
0.000000 0.000000 0.000000 1.000000

0.999894 -0.006088 0.013252 -0.040851
0.006037 0.999974 0.003882 0.024603
-0.013276 -0.003802 0.999905 -0.019607
0.000000 0.000000 0.000000 1.000000

0.999879 -0.006597 0.014118 -0.049230
0.006558 0.999975 0.002800 0.030606
-0.014136 -0.002707 0.999896 -0.029442
0.000000 0.000000 0.000000 1.000000

0.999861 -0.010214 0.013216 -0.045766
0.010151 0.999937 0.004799 0.037487
-0.013264 -0.004665 0.999901 -0.021137
0.000000 0.000000 0.000000 1.000000

0.999879 -0.010599 0.011368 -0.032105
0.010524 0.999923 0.006564 0.032094
-0.011436 -0.006444 0.999914 -0.024999
0.000000 0.000000 0.000000 1.000000

0.999859 -0.010704 0.012943 -0.037131
0.010611 0.999918 0.007232 0.028520
-0.013019 -0.007093 0.999890 -0.024871
0.000000 0.000000 0.000000 1.000000

0.999861 -0.009068 0.013964 -0.034862
0.008991 0.999944 0.005595 0.032466
-0.014014 -0.005469 0.999887 -0.018162
0.000000 0.000000 0.000000 1.000000

0.999883 -0.007032 0.013598 -0.036547
0.006954 0.999959 0.005807 0.032110
-0.013638 -0.005712 0.999891 -0.023064
0.000000 0.000000 0.000000 1.000000

0.999860 -0.009336 0.013912 -0.056336
0.009271 0.999946 0.004708 0.029159
-0.013955 -0.004578 0.999892 -0.009222
0.000000 0.000000 0.000000 1.000000

0.999900 -0.010305 0.009734 -0.057165
0.010261 0.999937 0.004491 0.036022
-0.009779 -0.004391 0.999943 -0.011390
0.000000 0.000000 0.000000 1.000000

0.999930 -0.010138 0.006112 -0.046118
0.010106 0.999935 0.005230 0.035334
-0.006165 -0.005168 0.999968 -0.010678
0.000000 0.000000 0.000000 1.000000

0.999952 -0.009275 0.003209 -0.031023
0.009250 0.999927 0.007777 0.025336
-0.003281 -0.007747 0.999965 -0.014500
0.000000 0.000000 0.000000 1.000000

0.999950 -0.007788 0.006338 -0.022228
0.007745 0.999947 0.006748 0.014731
-0.006390 -0.006699 0.999957 -0.008951
0.000000 0.000000 0.000000 1.000000

0.999904 -0.006591 0.012148 -0.035844
0.006531 0.999966 0.005003 0.020564
-0.012180 -0.004923 0.999914 -0.008896
0.000000 0.000000 0.000000 1.000000

0.999909 -0.004255 0.012825 -0.034177
0.004204 0.999983 0.003961 0.011061
-0.012841 -0.003907 0.999910 0.005202
0.000000 0.000000 0.000000 1.000000

0.999935 -0.004183 0.010633 -0.046549
0.004155 0.999988 0.002622 0.017950
-0.010644 -0.002578 0.999940 -0.000241
0.000000 0.000000 0.000000 1.000000

0.999993 -0.000603 0.003564 -0.038383
0.000595 0.999998 0.002148 0.009516
-0.003566 -0.002145 0.999991 -0.007586
0.000000 0.000000 0.000000 1.000000

0.999999 0.000935 0.001021 -0.020947
-0.000941 0.999986 0.005229 0.009012
-0.001016 -0.005230 0.999986 -0.007892
0.000000 0.000000 0.000000 1.000000

0.999994 0.000262 0.003595 -0.030337
-0.000275 0.999993 0.003630 0.002072
-0.003594 -0.003631 0.999987 -0.011371
0.000000 0.000000 0.000000 1.000000

0.999990 -0.000783 0.004301 -0.032386
0.000781 1.000000 0.000532 0.006168
-0.004302 -0.000529 0.999991 -0.001852
0.000000 0.000000 0.000000 1.000000

0.999994 0.001349 0.003123 -0.032900
-0.001353 0.999998 0.001269 0.006537
-0.003121 -0.001273 0.999994 -0.005560
0.000000 0.000000 0.000000 1.000000

0.999996 0.002198 0.001516 -0.038937
-0.002198 0.999998 -0.000127 0.000096
-0.001517 0.000124 0.999999 -0.000395
0.000000 0.000000 0.000000 1.000000

0.999996 0.002194 -0.001796 -0.032163
-0.002198 0.999996 -0.001885 0.030818
0.001792 0.001889 0.999997 -0.002473
0.000000 0.000000 0.000000 1.000000

0.999971 0.006511 -0.003912 -0.018015
-0.006489 0.999964 0.005533 0.010940
0.003948 -0.005507 0.999977 0.002776
0.000000 0.000000 0.000000 1.000000

0.999948 0.010098 -0.001523 -0.014067
-0.010089 0.999932 0.005797 -0.012181
0.001582 -0.005781 0.999982 0.017103
0.000000 0.000000 0.000000 1.000000

0.999985 0.004761 0.002669 -0.021739
-0.004758 0.999988 -0.001201 0.017059
-0.002675 0.001189 0.999996 0.008999
0.000000 0.000000 0.000000 1.000000

0.999985 0.004511 0.003056 0.000221
-0.004514 0.999989 0.001114 0.039605
-0.003051 -0.001128 0.999995 0.025420
0.000000 0.000000 0.000000 1.000000

0.999977 0.004193 0.005261 -0.036574
-0.004227 0.999970 0.006462 0.001276
-0.005234 -0.006484 0.999965 0.035362
0.000000 0.000000 0.000000 1.000000

0.999999 -0.000243 0.001304 -0.029600
0.000238 0.999992 0.004002 -0.002274
-0.001305 -0.004002 0.999991 0.035783
0.000000 0.000000 0.000000 1.000000

0.999996 0.002666 0.000266 -0.030950
-0.002667 0.999994 0.002308 -0.012349
-0.000260 -0.002309 0.999997 0.014911
0.000000 0.000000 0.000000 1.000000

0.999977 0.006737 -0.000424 -0.020531
-0.006736 0.999977 0.001062 -0.006196
0.000431 -0.001060 0.999999 0.030332
0.000000 0.000000 0.000000 1.000000

0.999983 0.005870 -0.000233 -0.005033
-0.005870 0.999982 -0.001189 -0.007934
0.000226 0.001190 0.999999 0.032130
0.000000 0.000000 0.000000 1.000000

0.999990 -0.003111 0.003055 -0.035610
0.003116 0.999993 -0.001839 -0.011683
-0.003050 0.001848 0.999994 0.016978
0.000000 0.000000 0.000000 1.000000

0.999983 -0.005868 -0.000275 -0.019639
0.005868 0.999983 -0.000214 -0.015865
0.000276 0.000213 1.000000 0.036004
0.000000 0.000000 0.000000 1.000000

0.999993 -0.003289 -0.001779 -0.003631
0.003288 0.999994 -0.000716 -0.026312
0.001781 0.000710 0.999998 0.046056
0.000000 0.000000 0.000000 1.000000

0.999980 -0.006399 -0.000201 -0.005913
0.006398 0.999976 -0.002513 -0.025232
0.000217 0.002512 0.999997 0.031770
0.000000 0.000000 0.000000 1.000000

0.999983 -0.005578 0.001509 0.004974
0.005584 0.999977 -0.003795 -0.008092
-0.001487 0.003803 0.999992 0.034681
0.000000 0.000000 0.000000 1.000000

0.999971 -0.005490 0.005235 -0.015882
0.005508 0.999979 -0.003395 -0.015986
-0.005216 0.003423 0.999981 0.046583
0.000000 0.000000 0.000000 1.000000

0.999988 -0.003705 0.003199 -0.024655
0.003717 0.999987 -0.003615 -0.008694
-0.003186 0.003627 0.999988 0.040311
0.000000 0.000000 0.000000 1.000000

1.000000 -0.000596 0.000750 -0.003703
0.000598 0.999999 -0.001473 -0.027627
-0.000749 0.001473 0.999999 0.039993
0.000000 0.000000 0.000000 1.000000

0.999997 0.001902 0.001602 -0.020311
-0.001901 0.999998 -0.000747 -0.013966
-0.001604 0.000744 0.999998 0.026797
0.000000 0.000000 0.000000 1.000000

0.999998 -0.001295 0.001289 -0.011648
0.001295 0.999999 0.000395 -0.030969
-0.001290 -0.000393 0.999999 0.039509
0.000000 0.000000 0.000000 1.000000

0.999998 -0.001531 -0.001367 0.003242
0.001521 0.999971 -0.007458 0.018512
0.001378 0.007456 0.999971 0.048008
0.000000 0.000000 0.000000 1.000000

0.999993 0.003491 -0.000989 -0.026558
-0.003493 0.999993 -0.001649 -0.026547
0.000983 0.001653 0.999998 0.032515
0.000000 0.000000 0.000000 1.000000

0.999992 0.003751 -0.001109 -0.017426
-0.003754 0.999988 -0.003153 -0.027879
0.001097 0.003157 0.999994 0.024536
0.000000 0.000000 0.000000 1.000000

0.999998 0.001548 0.000793 -0.004494
-0.001545 0.999993 -0.003440 -0.020826
-0.000798 0.003439 0.999994 0.016905
0.000000 0.000000 0.000000 1.000000

0.999991 0.003503 0.002233 -0.009975
-0.003490 0.999977 -0.005856 -0.002954
-0.002254 0.005848 0.999980 0.024743
0.000000 0.000000 0.000000 1.000000

0.999996 0.002259 0.001877 -0.019537
-0.002256 0.999996 -0.001558 -0.008693
-0.001881 0.001553 0.999997 0.012485
0.000000 0.000000 0.000000 1.000000

0.999999 0.000472 0.000882 -0.010392
-0.000474 0.999998 0.001669 -0.034306
-0.000882 -0.001669 0.999998 0.025475
0.000000 0.000000 0.000000 1.000000

0.999996 0.001072 0.002468 -0.023338
-0.001069 0.999998 -0.001425 -0.003725
-0.002470 0.001423 0.999996 0.029769
0.000000 0.000000 0.000000 1.000000

0.999999 0.001265 0.000928 -0.031572
-0.001263 0.999998 -0.001462 -0.003152
-0.000930 0.001460 0.999999 0.019078
0.000000 0.000000 0.000000 1.000000

0.999999 0.001034 -0.000905 -0.024184
-0.001034 0.999999 0.000083 0.003988
0.000906 -0.000082 1.000000 0.028457
0.000000 0.000000 0.000000 1.000000

0.999966 -0.007334 -0.003857 -0.028889
0.007339 0.999972 0.001316 0.005387
0.003848 -0.001344 0.999992 0.017481
0.000000 0.000000 0.000000 1.000000

0.999981 -0.004869 -0.003793 -0.004006
0.004903 0.999950 0.008760 -0.039536
0.003751 -0.008778 0.999954 0.013967
0.000000 0.000000 0.000000 1.000000

0.999982 0.002430 0.005412 -0.013653
-0.002444 0.999994 0.002622 -0.037252
-0.005405 -0.002635 0.999982 0.028205
0.000000 0.000000 0.000000 1.000000

0.999957 -0.001971 0.009019 -0.032201
0.002005 0.999991 -0.003849 -0.007091
-0.009011 0.003867 0.999952 0.014204
0.000000 0.000000 0.000000 1.000000

0.999979 -0.000173 0.006418 -0.027782
0.000188 0.999997 -0.002351 -0.006112
-0.006417 0.002352 0.999977 0.010998
0.000000 0.000000 0.000000 1.000000

0.999993 -0.000341 0.003817 -0.024624
0.000345 0.999999 -0.001001 -0.010334
-0.003817 0.001003 0.999992 0.019936
0.000000 0.000000 0.000000 1.000000

0.999991 -0.002312 0.003624 -0.047718
0.002316 0.999997 -0.001019 -0.010778
-0.003622 0.001027 0.999993 0.019353
0.000000 0.000000 0.000000 1.000000

0.999996 -0.001209 0.002514 -0.038860
0.001212 0.999998 -0.001248 0.010951
-0.002513 0.001251 0.999996 0.028553
0.000000 0.000000 0.000000 1.000000

0.999998 -0.000597 0.001998 -0.021380
0.000597 1.000000 0.000271 -0.005071
-0.001998 -0.000269 0.999998 0.003281
0.000000 0.000000 0.000000 1.000000

0.999987 -0.003762 0.003535 -0.023737
0.003768 0.999991 -0.001706 -0.010994
-0.003529 0.001719 0.999992 0.017623
0.000000 0.000000 0.000000 1.000000

0.999974 -0.004548 0.005608 -0.036707
0.004548 0.999990 -0.000080 -0.013310
-0.005607 0.000105 0.999984 0.005486
0.000000 0.000000 0.000000 1.000000

0.999979 -0.003725 0.005316 -0.023622
0.003725 0.999993 0.000026 -0.023914
-0.005316 -0.000006 0.999986 0.010934
0.000000 0.000000 0.000000 1.000000

0.999953 -0.007085 0.006618 -0.038096
0.007098 0.999973 -0.001997 -0.008269
-0.006603 0.002044 0.999976 0.009369
0.000000 0.000000 0.000000 1.000000

0.999970 -0.007499 0.002155 0.002557
0.007505 0.999968 -0.002756 0.006759
-0.002135 0.002772 0.999994 0.035107
0.000000 0.000000 0.000000 1.000000

0.999905 -0.009094 0.010357 -0.066895
0.009096 0.999959 -0.000221 -0.034010
-0.010355 0.000315 0.999946 0.022140
0.000000 0.000000 0.000000 1.000000

0.999961 -0.005362 0.007020 -0.036008
0.005389 0.999978 -0.003861 -0.005722
-0.006999 0.003899 0.999968 0.008798
0.000000 0.000000 0.000000 1.000000

0.999958 -0.006886 0.006097 -0.040878
0.006899 0.999974 -0.002053 -0.005881
-0.006083 0.002094 0.999979 0.024948
0.000000 0.000000 0.000000 1.000000

0.999985 -0.005053 0.002000 -0.030884
0.005054 0.999987 -0.000239 -0.016917
-0.001999 0.000249 0.999998 0.012687
0.000000 0.000000 0.000000 1.000000

0.999989 -0.003738 0.002654 -0.041840
0.003741 0.999992 -0.001227 -0.013908
-0.002649 0.001236 0.999996 0.027068
0.000000 0.000000 0.000000 1.000000

0.999994 -0.002786 0.002198 -0.031910
0.002786 0.999996 0.000133 -0.029164
-0.002198 -0.000127 0.999998 0.001890
0.000000 0.000000 0.000000 1.000000

0.999979 -0.003650 0.005353 -0.040441
0.003659 0.999992 -0.001721 -0.022177
-0.005347 0.001741 0.999984 0.019537
0.000000 0.000000 0.000000 1.000000

0.999969 -0.004045 0.006705 -0.049929
0.004065 0.999987 -0.003038 -0.020541
-0.006693 0.003066 0.999973 0.014088
0.000000 0.000000 0.000000 1.000000

0.999993 -0.003149 0.001811 -0.021231
0.003149 0.999995 0.000467 -0.047442
-0.001812 -0.000461 0.999998 -0.007078
0.000000 0.000000 0.000000 1.000000

0.999991 -0.003283 0.002659 -0.034594
0.003293 0.999988 -0.003746 -0.005232
-0.002647 0.003755 0.999989 0.008617
0.000000 0.000000 0.000000 1.000000

0.999985 -0.004118 0.003699 -0.048190
0.004128 0.999987 -0.002896 -0.028435
-0.003687 0.002911 0.999989 0.009789
0.000000 0.000000 0.000000 1.000000

0.999995 -0.003108 0.001119 -0.041352
0.003115 0.999977 -0.006023 -0.012744
-0.001100 0.006026 0.999981 0.015347
0.000000 0.000000 0.000000 1.000000

0.999990 -0.003434 0.002702 -0.073019
0.003464 0.999931 -0.011252 -0.042952
-0.002663 0.011261 0.999933 -0.002922
0.000000 0.000000 0.000000 1.000000

0.999993 -0.001277 0.003548 -0.036486
0.001302 0.999975 -0.006957 -0.002255
-0.003539 0.006962 0.999970 0.000787
0.000000 0.000000 0.000000 1.000000

0.999979 -0.003205 0.005661 -0.086458
0.003253 0.999959 -0.008404 -0.032749
-0.005634 0.008423 0.999949 0.006572
0.000000 0.000000 0.000000 1.000000

0.999998 -0.001980 0.000530 -0.044575
0.001983 0.999989 -0.004278 -0.010230
-0.000522 0.004279 0.999991 -0.000451
0.000000 0.000000 0.000000 1.000000

0.999997 0.001108 0.002266 -0.041447
-0.001104 0.999997 -0.002022 -0.025882
-0.002268 0.002020 0.999995 -0.007280
0.000000 0.000000 0.000000 1.000000

0.999994 0.000758 0.003384 -0.030814
-0.000744 0.999991 -0.004209 -0.020899
-0.003387 0.004206 0.999985 0.002334
0.000000 0.000000 0.000000 1.000000

0.999992 0.001525 0.003562 -0.042949
-0.001504 0.999982 -0.005830 -0.009904
-0.003571 0.005824 0.999977 -0.000526
0.000000 0.000000 0.000000 1.000000

0.999993 0.001457 0.003311 -0.049633
-0.001441 0.999988 -0.004698 -0.021088
-0.003318 0.004693 0.999983 0.004393
0.000000 0.000000 0.000000 1.000000

1.000000 0.000770 0.000528 -0.032472
-0.000767 0.999984 -0.005687 -0.011232
-0.000533 0.005686 0.999984 0.000458
0.000000 0.000000 0.000000 1.000000

0.999994 -0.003512 0.000340 -0.060627
0.003514 0.999970 -0.006852 -0.039203
-0.000316 0.006854 0.999976 0.000863
0.000000 0.000000 0.000000 1.000000

0.999998 -0.001854 -0.001122 -0.019296
0.001849 0.999988 -0.004609 -0.015980
0.001130 0.004607 0.999989 -0.011276
0.000000 0.000000 0.000000 1.000000

0.999988 -0.004289 0.002443 -0.054060
0.004320 0.999908 -0.012864 -0.027645
-0.002387 0.012875 0.999914 -0.013972
0.000000 0.000000 0.000000 1.000000

0.999997 -0.002251 -0.000134 -0.029563
0.002250 0.999977 -0.006450 -0.017885
0.000148 0.006450 0.999979 0.002260
0.000000 0.000000 0.000000 1.000000

0.999968 -0.004735 -0.006452 -0.057014
0.004651 0.999906 -0.012922 -0.034161
0.006512 0.012892 0.999896 -0.024548
0.000000 0.000000 0.000000 1.000000

0.999987 -0.004163 -0.002997 -0.027466
0.004142 0.999968 -0.006871 -0.013990
0.003026 0.006859 0.999972 -0.005234
0.000000 0.000000 0.000000 1.000000

0.999984 0.000679 -0.005647 -0.046006
-0.000740 0.999941 -0.010835 -0.033868
0.005639 0.010839 0.999925 -0.040075
0.000000 0.000000 0.000000 1.000000

0.999999 0.000878 -0.001017 -0.027167
-0.000883 0.999984 -0.005639 -0.022313
0.001012 0.005639 0.999984 -0.019386
0.000000 0.000000 0.000000 1.000000

0.999999 -0.000613 -0.001465 -0.024904
0.000602 0.999970 -0.007715 -0.009548
0.001469 0.007714 0.999969 -0.009019
0.000000 0.000000 0.000000 1.000000

0.999995 0.002403 -0.001877 -0.031631
-0.002416 0.999973 -0.006960 -0.010938
0.001860 0.006964 0.999974 -0.022379
0.000000 0.000000 0.000000 1.000000

0.999988 0.003967 -0.002813 -0.028324
-0.003993 0.999950 -0.009116 -0.009907
0.002776 0.009127 0.999954 -0.024488
0.000000 0.000000 0.000000 1.000000

0.999958 0.008554 -0.003170 -0.071855
-0.008615 0.999766 -0.019820 -0.032906
0.002999 0.019846 0.999799 -0.058747
0.000000 0.000000 0.000000 1.000000

0.999993 0.001750 -0.003166 -0.023191
-0.001778 0.999961 -0.008660 -0.020743
0.003151 0.008666 0.999957 -0.048390
0.000000 0.000000 0.000000 1.000000

0.999996 -0.001245 -0.002657 -0.058998
0.001201 0.999866 -0.016297 -0.007654
0.002677 0.016294 0.999864 -0.078842
0.000000 0.000000 0.000000 1.000000

0.999999 0.000698 -0.001361 0.001729
-0.000708 0.999973 -0.007377 0.014497
0.001356 0.007378 0.999972 -0.043494
0.000000 0.000000 0.000000 1.000000

0.999996 -0.000877 0.002555 -0.030359
0.000890 0.999987 -0.004948 0.000978
-0.002550 0.004950 0.999984 -0.036833
0.000000 0.000000 0.000000 1.000000

0.999999 -0.000252 -0.001090 -0.008061
0.000247 0.999991 -0.004341 0.009600
0.001091 0.004340 0.999990 -0.052364
0.000000 0.000000 0.000000 1.000000

0.999997 -0.002095 0.000886 -0.036096
0.002097 0.999997 -0.001578 0.017544
-0.000882 0.001580 0.999998 -0.041944
0.000000 0.000000 0.000000 1.000000

0.999975 -0.005492 -0.004428 -0.072438
0.005476 0.999979 -0.003596 0.022603
0.004448 0.003571 0.999984 -0.051033
0.000000 0.000000 0.000000 1.000000

0.999987 0.000965 -0.005057 -0.006695
-0.000975 0.999997 -0.002075 0.019969
0.005055 0.002080 0.999985 -0.025772
0.000000 0.000000 0.000000 1.000000

0.999999 -0.000215 -0.001001 -0.016404
0.000213 0.999998 -0.002039 0.001410
0.001001 0.002039 0.999997 -0.032446
0.000000 0.000000 0.000000 1.000000

0.999989 -0.004274 0.001914 -0.037553
0.004281 0.999984 -0.003576 0.020001
-0.001899 0.003584 0.999992 -0.029525
0.000000 0.000000 0.000000 1.000000

0.999979 -0.006510 -0.000469 -0.024265
0.006510 0.999979 0.000231 0.028297
0.000467 -0.000234 1.000000 -0.025347
0.000000 0.000000 0.000000 1.000000

0.999973 -0.007354 0.000684 -0.034818
0.007352 0.999971 0.001887 0.031897
-0.000697 -0.001882 0.999998 -0.006237
0.000000 0.000000 0.000000 1.000000

0.999987 -0.004376 -0.002588 -0.029382
0.004385 0.999985 0.003424 0.022891
0.002572 -0.003435 0.999991 -0.017155
0.000000 0.000000 0.000000 1.000000

0.999990 0.004180 -0.001445 -0.037187
-0.004173 0.999980 0.004820 0.012902
0.001465 -0.004814 0.999987 -0.010127
0.000000 0.000000 0.000000 1.000000

0.999984 0.005645 -0.000154 -0.013423
-0.005644 0.999976 0.004100 -0.005751
0.000177 -0.004099 0.999992 -0.018428
0.000000 0.000000 0.000000 1.000000

0.999989 0.003108 0.003450 -0.020243
-0.003107 0.999995 -0.000268 0.017466
-0.003451 0.000257 0.999994 -0.019560
0.000000 0.000000 0.000000 1.000000

0.999992 0.000022 0.004075 -0.028494
-0.000025 1.000000 0.000702 0.020834
-0.004075 -0.000702 0.999991 -0.015370
0.000000 0.000000 0.000000 1.000000

0.999991 -0.002009 0.003671 -0.045448
0.002003 0.999997 0.001546 0.020380
-0.003674 -0.001539 0.999992 -0.006931
0.000000 0.000000 0.000000 1.000000

1.000000 0.000184 0.000071 -0.028850
-0.000184 0.999997 0.002244 0.014740
-0.000071 -0.002244 0.999997 -0.016865
0.000000 0.000000 0.000000 1.000000

0.999978 0.006027 0.002832 -0.053568
-0.006043 0.999965 0.005844 0.002342
-0.002796 -0.005861 0.999979 -0.039443
0.000000 0.000000 0.000000 1.000000

0.999993 0.000801 0.003665 -0.028477
-0.000798 0.999999 -0.000697 0.003982
-0.003665 0.000694 0.999993 -0.017745
0.000000 0.000000 0.000000 1.000000

0.999978 0.000730 0.006556 -0.072600
-0.000712 0.999996 -0.002775 0.020664
-0.006558 0.002770 0.999975 -0.031460
0.000000 0.000000 0.000000 1.000000

0.999998 -0.001797 0.000450 -0.003599
0.001796 0.999998 0.001224 -0.000745
-0.000453 -0.001224 0.999999 -0.026311
0.000000 0.000000 0.000000 1.000000

0.999995 -0.000048 0.003293 -0.017441
0.000041 0.999998 0.002012 0.001842
-0.003293 -0.002012 0.999993 -0.015095
0.000000 0.000000 0.000000 1.000000

0.999972 -0.002576 0.006978 -0.029111
0.002562 0.999995 0.001970 0.008678
-0.006983 -0.001952 0.999974 -0.014737
0.000000 0.000000 0.000000 1.000000

0.999950 -0.005519 0.008303 -0.035096
0.005507 0.999984 0.001495 0.015873
-0.008311 -0.001450 0.999964 -0.005639
0.000000 0.000000 0.000000 1.000000

0.999967 -0.003882 0.007096 -0.035821
0.003852 0.999984 0.004256 0.014780
-0.007113 -0.004228 0.999966 -0.014176
0.000000 0.000000 0.000000 1.000000

0.999956 -0.004237 0.008373 -0.030703
0.004187 0.999974 0.005901 0.012452
-0.008398 -0.005865 0.999948 -0.008003
0.000000 0.000000 0.000000 1.000000

0.999909 -0.008792 0.010252 -0.024700
0.008749 0.999953 0.004192 0.017627
-0.010288 -0.004102 0.999939 -0.007485
0.000000 0.000000 0.000000 1.000000

0.999466 -0.025270 0.020696 -0.093655
0.025113 0.999654 0.007846 0.044478
-0.020887 -0.007322 0.999755 0.006430
0.000000 0.000000 0.000000 1.000000

0.999876 -0.013973 0.007291 -0.038879
0.013919 0.999875 0.007498 0.005514
-0.007395 -0.007396 0.999945 -0.002065
0.000000 0.000000 0.000000 1.000000

0.999868 -0.013838 0.008568 -0.040605
0.013781 0.999883 0.006703 0.006080
-0.008660 -0.006584 0.999941 0.000795
